condition,scan_id,pa_x,pa_y,pa_z,focus_x,focus_y,focus_z,beam_amplitude,edm_response,beam_dB,edm_response_dB,global_response,global_response_dB
A_PA1_to_C1,0,-149.90804692985947,151.2775293093675,-92.07492606,-124.23,120.25,-51.8,0.351972177766888,0.351972177766888,-8.242982045704576,-8.242982045704576,0.351972177766888,-8.242982045704576
A_PA1_to_C1,1,-148.46207204866772,151.96678324749905,-91.53103465,-123.18049367645828,121.3302084076179,-51.8,0.3568330635385154,0.3568330635385154,-8.123846980659167,-8.123846980659167,0.3568330635385154,-8.123846980659167
A_PA1_to_C1,2,-147.01213427876158,152.65079213391363,-90.99525989,-122.11948218486496,122.39911263698372,-51.8,0.3617484680349444,0.3617484680349444,-8.005014739528377,-8.005014739528377,0.3617484680349444,-8.005014739528377
A_PA1_to_C1,3,-145.55818013084513,153.32952804921314,-90.46755184,-121.04708600941288,123.45658981264891,-51.8,0.3667177881372788,0.3667177881372788,-7.886509221502145,-7.886509221502145,0.3667177881372788,-7.886509221502145
A_PA1_to_C1,4,-144.10015474514572,154.00296279815666,-89.94785963999999,-119.96618267894802,124.505387103595,-51.8,0.37176016915934545,0.37176016915934545,-7.767891609943752,-7.767891609943752,0.37176016915934545,-7.767891609943752
A_PA1_to_C1,5,-142.641845663311,154.6708453935059,-89.42429788999998,-118.88008230961648,125.54874606153744,-51.8,0.37694673163425646,0.37694673163425646,-7.647549110484557,-7.647549110484557,0.37694673163425646,-7.647549110484557
A_PA1_to_C1,6,-141.1848019404851,155.33016413635335,-88.91734501,-117.78134730947552,126.57884134262476,-51.8,0.38212989941763215,0.38212989941763215,-7.52892835149137,-7.52892835149137,0.38212989941763215,-7.52892835149137
A_PA1_to_C1,7,-139.71823348336846,155.98731927370824,-88.40964599,-116.67484857184644,127.6005710161018,-51.8,0.38744192305449443,0.38744192305449443,-7.409016518651107,-7.409016518651107,0.38744192305449443,-7.409016518651107
A_PA1_to_C1,8,-138.2474612045755,156.63905180031753,-87.90979411999999,-115.55750226495442,128.6104265437551,-51.8,0.39281025132684194,0.39281025132684194,-7.289492487233113,-7.289492487233113,0.39281025132684194,-7.289492487233113
A_PA1_to_C1,9,-136.77242656157046,157.2853317167316,-87.41773505,-114.43222507492268,129.61145779078277,-51.8,0.39825817340813696,0.39825817340813696,-7.169854800800275,-7.169854800800275,0.39825817340813696,-7.169854800800275
A_PA1_to_C1,10,-135.3024148437535,157.92281289642793,-86.93037713999999,-113.3016834944249,130.60654183979702,-51.8,0.4038079851276665,0.4038079851276665,-7.049650698089666,-7.049650698089666,0.4038079851276665,-7.049650698089666
A_PA1_to_C1,11,-133.82283953829096,158.5578860389059,-86.44206371999998,-112.15856751978896,131.58710612802994,-51.8,0.409452302396774,0.409452302396774,-6.9290824007662435,-6.9290824007662435,0.409452302396774,-6.9290824007662435
A_PA1_to_C1,12,-132.34412773399032,159.18438922350688,-85.97012664,-111.00774198986298,132.5586618418747,-51.8,0.4151220462804846,0.4151220462804846,-6.809632782034259,-6.809632782034259,0.4151220462804846,-6.809632782034259
A_PA1_to_C1,13,-130.85578320019675,159.80836126241908,-85.49710414,-109.85149267437232,133.52375610468974,-51.8,0.4209554425333917,0.4209554425333917,-6.688426173926551,-6.688426173926551,0.4209554425333917,-6.688426173926551
A_PA1_to_C1,14,-129.37242074802603,160.42351648234117,-85.02872378,-108.68080939579498,134.471273148349,-51.8,0.42680230650299134,0.42680230650299134,-6.568613596626679,-6.568613596626679,0.42680230650299134,-6.568613596626679
A_PA1_to_C1,15,-127.8897016242282,161.03015370306392,-84.5766318,-107.50455468503364,135.4118845740274,-51.8,0.4326888581401949,0.4326888581401949,-6.449634508885767,-6.449634508885767,0.4326888581401949,-6.449634508885767
A_PA1_to_C1,16,-126.39729447280996,161.63412806146707,-84.12331700999998,-106.32316097395022,136.3460194255881,-51.8,0.43874798739861115,0.43874798739861115,-6.328846005519658,-6.328846005519658,0.43874798739861115,-6.328846005519658
A_PA1_to_C1,17,-124.8952239172675,162.2353138984563,-83.66869663999998,-105.13091956980664,137.2662663979146,-51.8,0.4449214420929416,0.4449214420929416,-6.20748202763065,-6.20748202763065,0.4449214420929416,-6.20748202763065
A_PA1_to_C1,18,-123.40312057148914,162.82482513737204,-83.22740508999999,-103.9289614713292,138.17378085317122,-51.8,0.4510810157528992,0.4510810157528992,-6.088057757334575,-6.088057757334575,0.4510810157528992,-6.088057757334575
A_PA1_to_C1,19,-121.90633193582056,163.4086707967418,-82.79349334,-102.72024413796868,139.07229639301443,-51.8,0.45733014528695015,0.45733014528695015,-5.968552167703633,-5.968552167703633,0.45733014528695015,-5.968552167703633
A_PA1_to_C1,20,-120.40479024007128,163.98681603386112,-82.36689882,-101.50623977262364,139.96358191793738,-51.8,0.46368853192270626,0.46368853192270626,-5.848621652970931,-5.848621652970931,0.46368853192270626,-5.848621652970931
A_PA1_to_C1,21,-118.90312329828164,164.55897120733982,-81.9360958,-100.2819634722582,140.840773871955,-51.8,0.47015955441281804,0.47015955441281804,-5.728243429438949,-5.728243429438949,0.47015955441281804,-5.728243429438949
A_PA1_to_C1,22,-117.40157993724831,165.12263995325603,-81.52131262,-99.0531156252312,141.7115446465763,-51.8,0.47667448353858044,0.47667448353858044,-5.6087106577164665,-5.6087106577164665,0.47667448353858044,-5.6087106577164665
A_PA1_to_C1,23,-115.89026747389566,165.6832415368084,-81.10493361,-97.8140229190828,142.56760508096949,-51.8,0.4833085375675672,0.4833085375675672,-5.488659412662537,-5.488659412662537,0.4833085375675672,-5.488659412662537
A_PA1_to_C1,24,-114.38374866471656,166.23508939740233,-80.6930734,-96.56919061106257,143.41537880798327,-51.8,0.4900380413489012,0.4900380413489012,-5.368552844675115,-5.368552844675115,0.4900380413489012,-5.368552844675115
A_PA1_to_C1,25,-112.87708954377928,166.7784937043893,-80.29712085999998,-95.31611782598392,144.25087126756995,-51.8,0.49675009496035993,0.49675009496035993,-5.250389575578476,-5.250389575578476,0.49675009496035993,-5.250389575578476
A_PA1_to_C1,26,-111.3703618298478,167.31584232356897,-79.89689390000001,-94.0584099843881,145.07942248890697,-51.8,0.5036554754031579,0.5036554754031579,-5.130477558244733,-5.130477558244733,0.5036554754031579,-5.130477558244733
A_PA1_to_C1,27,-109.84883488179057,167.85016377831334,-79.50620210999999,-92.79086403932423,145.89280952110386,-51.8,0.5106071151690563,0.5106071151690563,-5.011411505958624,-5.011411505958624,0.5106071151690563,-5.011411505958624
A_PA1_to_C1,28,-108.34177621247846,168.3729833905493,-79.11749698999998,-91.51717346437468,146.69657134598236,-51.8,0.5176289642359992,0.5176289642359992,-4.892777360715938,-4.892777360715938,0.5176289642359992,-4.892777360715938
A_PA1_to_C1,29,-106.81977257639308,168.8926958202528,-78.73818939,-90.23528945900809,147.48719891243675,-51.8,0.5247176651009164,0.5247176651009164,-4.774635044317125,-4.774635044317125,0.5247176651009164,-4.774635044317125
A_PA1_to_C1,30,-105.30238674884818,169.40373249527613,-78.36332236999998,-88.94780272681719,148.268662840241,-51.8,0.5318930713366797,0.5318930713366797,-4.656662090549197,-4.656662090549197,0.5318930713366797,-4.656662090549197
A_PA1_to_C1,31,-103.7797381079438,169.9088316035536,-77.99528525000001,-87.65227176658898,149.03671069321462,-51.8,0.5391190099196694,0.5391190099196694,-4.539455835798289,-4.539455835798289,0.5391190099196694,-4.539455835798289
A_PA1_to_C1,32,-102.26165901669007,170.40530053530316,-77.63168039999998,-86.34949863549022,149.79241881570235,-51.8,0.5463900563186241,0.5463900563186241,-4.42309301010338,-4.42309301010338,0.5463900563186241,-4.42309301010338
A_PA1_to_C1,33,-100.73821588591268,170.89581172542313,-77.2748287,-85.0417941166962,150.53955906514722,-51.8,0.5537665797675674,0.5537665797675674,-4.306613907647233,-4.306613907647233,0.5537665797675674,-4.306613907647233
A_PA1_to_C1,34,-99.20933140422562,171.38032114943243,-76.92465684999999,-83.72823726153902,151.27634037573452,-51.8,0.561230214844863,0.561230214844863,-4.190327871327409,-4.190327871327409,0.561230214844863,-4.190327871327409
A_PA1_to_C1,35,-97.68491183004616,171.85623390918215,-76.57886669999998,-82.40714701892483,151.9995254010648,-51.8,0.5687193743977119,0.5687193743977119,-4.0751882818759,-4.0751882818759,0.5687193743977119,-4.0751882818759
A_PA1_to_C1,36,-96.1649540235696,172.32360542639685,-76.23748559,-81.0798895086162,152.71134913251072,-51.8,0.5762562522369978,0.5762562522369978,-3.9608357434311725,-3.9608357434311725,0.5762562522369978,-3.9608357434311725
A_PA1_to_C1,37,-94.63941945796928,172.78497336012433,-75.90269618,-79.74659150288586,153.41177241849934,-51.8,0.5838604681925844,0.5838604681925844,-3.846967327689157,-3.846967327689157,0.5838604681925844,-3.846967327689157
A_PA1_to_C1,38,-93.1082279973556,173.24029073689803,-75.57442215999998,-78.40622889335077,154.0985821494091,-51.8,0.5915034342671316,0.5915034342671316,-3.734003341964462,-3.734003341964462,0.5915034342671316,-3.734003341964462
A_PA1_to_C1,39,-91.5813825609665,173.6870967325329,-75.2504995,-77.06195424658135,154.777735059723,-51.8,0.5992388156552765,0.5992388156552765,-3.6211500116515594,-3.6211500116515594,0.5992388156552765,-3.6211500116515594
A_PA1_to_C1,40,-90.0487675183836,174.1278245157779,-74.93300594,-75.7105597045925,155.44256140405722,-51.8,0.6069985373340678,0.6069985373340678,-3.5093958602325137,-3.5093958602325137,0.6069985373340678,-3.5093958602325137
A_PA1_to_C1,41,-88.5103007915459,174.56242420266707,-74.62186264999998,-74.35368967034066,156.0961805520411,-51.8,0.6148280536360694,0.6148280536360694,-3.398075242573645,-3.398075242573645,0.6148280536360694,-3.398075242573645
A_PA1_to_C1,42,-86.98621380095268,174.9862308612962,-74.31302443,-72.99238922269329,156.74052477668033,-51.8,0.6226889161503011,0.6226889161503011,-3.2877260444886396,-3.2877260444886396,0.6226889161503011,-3.2877260444886396
A_PA1_to_C1,43,-85.44602545675441,175.40622010900307,-74.01246354,-71.62101700127599,157.36313292129682,-51.8,0.6304870035228999,0.6304870035228999,-3.1796259772777002,-3.1796259772777002,0.6304870035228999,-3.1796259772777002
A_PA1_to_C1,44,-83.90998951795798,175.81776146005106,-73.71616815999998,-70.24867532346667,157.9836085780031,-51.8,0.638451447754506,0.638451447754506,-3.0705912294084454,-3.0705912294084454,0.638451447754506,-3.0705912294084454
A_PA1_to_C1,45,-82.37809315670718,176.22090963117816,-73.42416124999998,-68.87047266038448,158.59095760479434,-51.8,0.6464071564693132,0.6464071564693132,-2.9630256330057154,-2.9630256330057154,0.6464071564693132,-2.9630256330057154
A_PA1_to_C1,46,-80.84389597382534,176.61589812609037,-73.14719076999998,-67.48690089552612,159.1859027049353,-51.8,0.6542611473536271,0.6542611473536271,-2.858126133258777,-2.858126133258777,0.6542611473536271,-2.858126133258777
A_PA1_to_C1,47,-79.30988116704236,177.0045416762596,-72.86560265999998,-66.09602538619683,159.76365099342593,-51.8,0.6621739452899403,0.6621739452899403,-2.7537069822851907,-2.7537069822851907,0.6621739452899403,-2.7537069822851907
A_PA1_to_C1,48,-77.76961412683336,177.38697086622912,-72.59007124,-64.7025353128103,160.33498587487588,-51.8,0.6702156872782518,0.6702156872782518,-2.64885697462132,-2.64885697462132,0.6702156872782518,-2.64885697462132
A_PA1_to_C1,49,-76.23332909894982,177.76107722107247,-72.31877421999998,-63.3035440285758,160.89279168331342,-51.8,0.6782213671820089,0.6782213671820089,-2.5457193918664194,-2.5457193918664194,0.6782213671820089,-2.5457193918664194
A_PA1_to_C1,50,-74.69426407127305,178.1270569580981,-72.06232435999999,-61.89954627987828,161.43774762125824,-51.8,0.6860938904282816,0.6860938904282816,-2.4454777114183757,-2.4454777114183757,0.6860938904282816,-2.4454777114183757
A_PA1_to_C1,51,-73.15543888877625,178.48664469416738,-71.80118966999999,-60.49110557088349,161.97124788981688,-51.8,0.6941108587390501,0.6941108587390501,-2.3445719796103157,-2.3445719796103157,0.6941108587390501,-2.3445719796103157
A_PA1_to_C1,52,-71.62397138824623,178.8361781765444,-71.55317105,-59.07841652503139,162.49330308180677,-51.8,0.7019476812198177,0.7019476812198177,-2.247053876685758,-2.247053876685758,0.7019476812198177,-2.247053876685758
A_PA1_to_C1,53,-70.08240641964987,179.18127021616235,-71.30209812999999,-57.66068402001455,163.00157462923724,-51.8,0.7099350364311612,0.7099350364311612,-2.1487765550114286,-2.1487765550114286,0.7099350364311612,-2.1487765550114286
A_PA1_to_C1,54,-68.53755751557946,179.51825086947133,-71.06566992,-56.23846720438927,163.49714668118867,-51.8,0.7177649427763234,0.7177649427763234,-2.0535038993509205,-2.0535038993509205,0.7177649427763234,-2.0535038993509205
A_PA1_to_C1,55,-66.99300425214086,179.8487877154106,-70.82448234,-54.81155196257941,163.97903105734272,-51.8,0.7256887189600485,0.7256887189600485,-1.9581413136119752,-1.9581413136119752,0.7256887189600485,-1.9581413136119752
A_PA1_to_C1,56,-65.45537757060218,180.16943092711168,-70.59634426999999,-53.38194375175403,164.4528907888934,-51.8,0.7334588648577233,0.7334588648577233,-1.8656335118767875,-1.8656335118767875,0.7334588648577233,-1.8656335118767875
A_PA1_to_C1,57,-63.92128714133149,180.4819945769765,-70.37237624,-51.94808061133158,164.91370825425238,-51.8,0.7411470148357502,0.7411470148357502,-1.7750614773678155,-1.7750614773678155,0.7411470148357502,-1.7750614773678155
A_PA1_to_C1,58,-62.38019017079899,180.78823280173663,-70.15401181,-50.50956093843202,165.3597597219461,-51.8,0.748780242613346,0.748780242613346,-1.686061220723536,-1.686061220723536,0.748780242613346,-1.686061220723536
A_PA1_to_C1,59,-60.83199454423304,181.08807646051008,-69.94115893,-49.06551810654116,165.78762426472855,-51.8,0.7562906045118056,0.7562906045118056,-1.5993746488868892,-1.5993746488868892,0.7562906045118056,-1.5993746488868892
A_PA1_to_C1,60,-59.297708438570325,181.3782071730517,-69.7310321,-47.62033335174925,166.2115357972854,-51.8,0.7638005548186739,0.7638005548186739,-1.513549361528822,-1.513549361528822,0.7638005548186739,-1.513549361528822
A_PA1_to_C1,61,-57.75621645856094,181.6619612177616,-69.52637385,-46.17036567435123,166.6188684145195,-51.8,0.7712019139952366,0.7712019139952366,-1.4297867767788852,-1.4297867767788852,0.7712019139952366,-1.4297867767788852
A_PA1_to_C1,62,-56.207426276807446,181.93926589183457,-69.3270903,-44.71803528894126,167.01757889410376,-51.8,0.7786603244731538,0.7786603244731538,-1.3461878235652067,-1.3461878235652067,0.7786603244731538,-1.3461878235652067
A_PA1_to_C1,63,-54.66462485432847,182.20700127577703,-69.14074799,-43.26104419633069,167.3989959788855,-51.8,0.7857126495478652,0.7857126495478652,-1.267873849498848,-1.267873849498848,0.7857126495478652,-1.267873849498848
A_PA1_to_C1,64,-53.122157124258656,182.46832309679507,-68.94955928,-41.80128557603732,167.76967860599066,-51.8,0.7928728983426259,0.7928728983426259,-1.1890772870667783,-1.1890772870667783,0.7928728983426259,-1.1890772870667783
A_PA1_to_C1,65,-51.58546065176033,182.7202125380201,-68.77133599,-40.33850813280624,168.12824256655034,-51.8,0.7997055249495065,0.7997055249495065,-1.1145468226201551,-1.1145468226201551,0.7997055249495065,-1.1145468226201551
A_PA1_to_C1,66,-50.03849639118689,182.96711422480485,-68.58942075,-38.87285347778319,168.4748809394959,-51.8,0.8067109601454382,0.8067109601454382,-1.038789603646993,-1.038789603646993,0.8067109601454382,-1.038789603646993
A_PA1_to_C1,67,-48.49704381994887,183.2046336452332,-68.42042093,-37.40284575464914,168.80242483594583,-51.8,0.8132129170019871,0.8132129170019871,-0.9690633853206603,-0.9690633853206603,0.8132129170019871,-0.9690633853206603
A_PA1_to_C1,68,-46.95842213090162,183.4343129599212,-68.25544687,-35.931476682673924,169.1239832081736,-51.8,0.8197051068780642,0.8197051068780642,-0.8999959354239085,-0.8999959354239085,0.8197051068780642,-0.8999959354239085
A_PA1_to_C1,69,-45.42258419096642,183.65619450427343,-68.09450829,-34.45643620525827,169.428114393136,-51.8,0.8259143592655628,0.8259143592655628,-0.8344484160456583,-0.8344484160456583,0.8259143592655628,-0.8344484160456583
A_PA1_to_C1,70,-43.8787622893177,183.87153177002656,-67.93860190999999,-32.98041520719817,169.72759691448152,-51.8,0.8322455185289395,0.8322455185289395,-0.7681194466689444,-0.7681194466689444,0.8322455185289395,-0.7681194466689444
A_PA1_to_C1,71,-42.3375962560249,184.07906969750528,-67.78667721,-31.500659826680927,170.0079916268572,-51.8,0.838238924443014,0.838238924443014,-0.7057922745497518,-0.7057922745497518,0.838238924443014,-0.7057922745497518
A_PA1_to_C1,72,-40.7904162609066,184.2786138645856,-67.64855489,-30.01826301859717,170.2741128600983,-51.8,0.8439169071717971,0.8439169071717971,-0.6471549976392609,-0.6471549976392609,0.8439169071717971,-0.6471549976392609
A_PA1_to_C1,73,-39.25432116635803,184.470647276912,-67.50458166,-28.533952344728487,170.52934127587858,-51.8,0.8495271583200842,0.8495271583200842,-0.5896034060771591,-0.5896034060771591,0.8495271583200842,-0.5896034060771591
A_PA1_to_C1,74,-37.71192955864806,184.6547130608793,-67.37435286,-27.04766644242221,170.77265471013763,-51.8,0.8548595504701771,0.8548595504701771,-0.5352533919577391,-0.5352533919577391,0.8548595504701771,-0.5352533919577391
A_PA1_to_C1,75,-36.16990492038852,184.8323917734889,-67.23916818,-25.558408471373703,170.99723872929394,-51.8,0.86005228893971,0.86005228893971,-0.4826516312404676,-0.4826516312404676,0.86005228893971,-0.4826516312404676
A_PA1_to_C1,76,-34.632069992989635,185.0010813470263,-67.11682486,-24.068093199326583,171.21450524613522,-51.8,0.8649277872581353,0.8649277872581353,-0.43355175620275793,-0.43355175620275793,0.8649277872581353,-0.43355175620275793
A_PA1_to_C1,77,-33.08557940770035,185.16305470719223,-66.99916852999999,-22.57579742973744,171.41792749167848,-51.8,0.8696978231857182,0.8696978231857182,-0.3857810905067012,-0.3857810905067012,0.8696978231857182,-0.3857810905067012
A_PA1_to_C1,78,-31.54116242123334,185.31734602125127,-66.8853977,-21.08224631830522,171.61166771646626,-51.8,0.8743184157546059,0.8743184157546059,-0.3397562311913938,-0.3397562311913938,0.8743184157546059,-0.3397562311913938
A_PA1_to_C1,79,-30.00959217550735,185.4631620147916,-66.77485483,-19.586565631896143,171.78839249921188,-51.8,0.8784366868510636,0.8784366868510636,-0.29893944621534463,-0.29893944621534463,0.8784366868510636,-0.29893944621534463
A_PA1_to_C1,80,-28.470667299998603,185.60098894829545,-66.67779802,-18.08952941557388,171.95326470547425,-51.8,0.882265511162797,0.882265511162797,-0.2611627025100212,-0.2611627025100212,0.882265511162797,-0.2611627025100212
A_PA1_to_C1,81,-26.9211928060736,185.7332153226196,-66.57634082999999,-16.590633454918212,172.10001260775758,-51.8,0.886097001293711,0.886097001293711,-0.2235234150108914,-0.2235234150108914,0.886097001293711,-0.2235234150108914
A_PA1_to_C1,82,-25.3857445200102,185.85588493944303,-66.48705106999999,-15.090988020923998,172.23926539805706,-51.8,0.889428059052855,0.889428059052855,-0.19093222870101273,-0.19093222870101273,0.889428059052855,-0.19093222870101273
A_PA1_to_C1,83,-23.83976206078964,185.97289653463685,-66.39329866,-13.58992122229798,172.36193476110515,-51.8,0.8927955690189494,0.8927955690189494,-0.15810822808824687,-0.15810822808824687,0.8927955690189494,-0.15810822808824687
A_PA1_to_C1,84,-22.30753547735299,186.0805148716172,-66.31179184,-12.08839672514318,172.4792030923647,-51.8,0.8956971128844022,0.8956971128844022,-0.12992526467860313,-0.12992526467860313,0.8956971128844022,-0.12992526467860313
A_PA1_to_C1,85,-20.76590131418456,186.1812332310836,-66.23464585,-10.585536896452702,172.57771548522803,-51.8,0.898361097958112,0.898361097958112,-0.1041300065154163,-0.1041300065154163,0.898361097958112,-0.1041300065154163
A_PA1_to_C1,86,-19.22566198912001,186.27442428072143,-66.16134499,-9.08185370390441,172.66290731480478,-51.8,0.9007442666794482,0.9007442666794482,-0.08111862206121948,-0.08111862206121948,0.9007442666794482,-0.08111862206121948
A_PA1_to_C1,87,-17.687699800423182,186.35894405850223,-66.10077749,-7.577535225013502,172.73576116223356,-51.8,0.9026623477228949,0.9026623477228949,-0.06264220480809292,-0.06264220480809292,0.9026623477228949,-0.06264220480809292
A_PA1_to_C1,88,-16.149966852743823,186.43715117384284,-66.03517405,-6.072384412556119,172.78913530451928,-51.8,0.9043649058912878,0.9043649058912878,-0.04627472977483808,-0.04627472977483808,0.9043649058912878,-0.04627472977483808
A_PA1_to_C1,89,-14.614210801030048,186.50674026493556,-65.98230712,-4.567092886372943,172.83756229529203,-51.8,0.9057851336276741,0.9057851336276741,-0.03264498236040164,-0.03264498236040164,0.9057851336276741,-0.03264498236040164
A_PA1_to_C1,90,-13.067797502611946,186.5703765258026,-65.92467608,-3.061340201994749,172.8697587191065,-51.8,0.9072558770477115,0.9072558770477115,-0.018552948303512125,-0.018552948303512125,0.9072558770477115,-0.018552948303512125
A_PA1_to_C1,91,-11.533964336920368,186.6250564397319,-65.87948139,-1.555472591215059,172.893932818502,-51.8,0.9081785188900908,0.9081785188900908,-0.009724244907485512,-0.009724244907485512,0.9081785188900908,-0.009724244907485512
A_PA1_to_C1,92,-9.990029023332182,186.67257841577825,-65.83833691,-0.049397240592256,172.9,-51.8,0.9088976357329024,0.9088976357329024,-0.0028492772912525294,-0.0028492772912525294,0.9088976357329024,-0.0028492772912525294
A_PA1_to_C1,93,-8.457754153020502,186.7124094879063,-65.80081948,1.4566805945824892,172.8946334709604,-51.8,0.9091958350313639,0.9091958350313639,0.0,0.0,0.9091958350313639,0.0
A_PA1_to_C1,94,-6.915600971120843,186.7438895660002,-65.77616329,2.9625680750318857,172.87186025372273,-51.8,0.9091059784466694,0.9091059784466694,-0.0008584761591947102,-0.0008584761591947102,0.9091059784466694,-0.0008584761591947102
A_PA1_to_C1,95,-5.373589645022878,186.76903409992192,-65.74641227,4.46832107978627,172.8396788340046,-51.8,0.909060404058649,0.909060404058649,-0.0012939193711688146,-0.0012939193711688146,0.909060404058649,-0.0012939193711688146
A_PA1_to_C1,96,-3.843236030686029,186.78552779633588,-65.72927873,5.973651988992262,172.79263645429106,-51.8,0.9083096818609482,0.9083096818609482,-0.008469882681541233,-0.008469882681541233,0.9083096818609482,-0.008469882681541233
A_PA1_to_C1,97,-2.3021215604803857,186.79581096535009,-65.70713807,7.478802801449675,172.7392623120053,-51.8,0.9078754414089072,0.9078754414089072,-0.012623385170200917,-0.012623385170200917,0.9078754414089072,-0.012623385170200917
A_PA1_to_C1,98,-0.761428143220999,186.79752843210727,-65.69766419,8.983182484753183,172.66784087576232,-51.8,0.9068535429498858,0.9068535429498858,-0.022405670294939218,-0.022405670294939218,0.9068535429498858,-0.022405670294939218
A_PA1_to_C1,99,0.7681969621461282,186.79186775718767,-65.69203515,10.4869172253883,172.58357916451698,-51.8,0.9054021757602649,0.9054021757602649,-0.03631807547967634,-0.03631807547967634,0.9054021757602649,-0.03631807547967634
A_PA1_to_C1,100,2.3086781510618297,186.77874921012187,-65.69017018,11.989901520679268,172.486887115408,-51.8,0.9039155301215428,0.9039155301215428,-0.050591790718087844,-0.050591790718087844,0.9039155301215428,-0.050591790718087844
A_PA1_to_C1,101,3.849371781510148,186.75706673846204,-65.70096938,13.491430288730486,172.36967333445688,-51.8,0.9018203549109224,0.9018203549109224,-0.07074808153491417,-0.07074808153491417,0.9018203549109224,-0.07074808153491417
A_PA1_to_C1,102,5.379092853185161,186.72926124414,-65.70684109999999,14.992616730180735,172.24839987505464,-51.8,0.8997158579583424,0.8997158579583424,-0.0910412473985643,-0.0910412473985643,0.8997158579583424,-0.0910412473985643
A_PA1_to_C1,103,6.920259508169109,186.6927291454786,-65.72524465,16.492262164174925,172.10914708475516,-51.8,0.8972733348201468,0.8972733348201468,-0.11465352015715716,-0.11465352015715716,0.8972733348201468,-0.11465352015715716
A_PA1_to_C1,104,8.46135158794173,186.64987421780427,-65.73855252,17.99129715857533,171.96378959015263,-51.8,0.8949694214421624,0.8949694214421624,-0.1369848123773351,-0.1369848123773351,0.8949694214421624,-0.1369848123773351
A_PA1_to_C1,105,9.992367646964308,186.5987569505228,-65.76479416,19.48841008696119,171.79961027577588,-51.8,0.8919230508895022,0.8919230508895022,-0.16660099182010724,-0.16660099182010724,0.8919230508895022,-0.16660099182010724
A_PA1_to_C1,106,11.534824305695876,186.5398818869534,-65.79457685,20.984182525070064,171.6236611300274,-51.8,0.8889065296464201,0.8889065296464201,-0.19602682341446298,-0.19602682341446298,0.8889065296464201,-0.19602682341446298
A_PA1_to_C1,107,13.066980952251823,186.4739447481144,-65.82848378,22.477900386918456,171.4312135189182,-51.8,0.8854066059505991,0.8854066059505991,-0.230293593785558,-0.230293593785558,0.8854066059505991,-0.230293593785558
A_PA1_to_C1,108,14.61149981307412,186.3989829164263,-65.87473388,23.970208937189767,171.227885109305,-51.8,0.8817955281468585,0.8817955281468585,-0.26579091050716613,-0.26579091050716613,0.8817955281468585,-0.26579091050716613
A_PA1_to_C1,109,16.14516404009317,186.31817388577417,-65.91629798999999,25.460707017467588,171.01189394737986,-51.8,0.8779873480907137,0.8779873480907137,-0.30338359738841547,-0.30338359738841547,0.8779873480907137,-0.30338359738841547
A_PA1_to_C1,110,17.68060295109744,186.22876135770028,-65.97058326,26.94998050743093,170.78741301686296,-51.8,0.8739411613629955,0.8739411613629955,-0.3435048622353797,-0.3435048622353797,0.8739411613629955,-0.3435048622353797
A_PA1_to_C1,111,19.21606262014,186.13306754571087,-66.01983053000001,28.43650206877992,170.5455829885367,-51.8,0.8697887553749971,0.8697887553749971,-0.3848729754673805,-0.3848729754673805,0.8697887553749971,-0.3848729754673805
A_PA1_to_C1,112,20.75359870382682,186.02872005949905,-66.08179346,29.92090904437166,170.29092217938907,-51.8,0.8653089717851364,0.8653089717851364,-0.4297246189401488,-0.4297246189401488,0.8653089717851364,-0.4297246189401488
A_PA1_to_C1,113,22.292326403496784,185.9168727063508,-66.14759056,31.40344175061447,170.02556803046502,-51.8,0.8607326133980763,0.8607326133980763,-0.4757835753163337,-0.4757835753163337,0.8607326133980763,-0.4757835753163337
A_PA1_to_C1,114,23.82146764491476,185.79823288664645,-66.21781702999999,32.88359359360069,169.74724187955928,-51.8,0.8558193241053776,0.8558193241053776,-0.5255069820716032,-0.5255069820716032,0.8558193241053776,-0.5255069820716032
A_PA1_to_C1,115,25.364144541990733,185.67014247009328,-66.30018687,34.35961459166081,169.44775935821374,-51.8,0.8506249291333235,0.8506249291333235,-0.5783866243231455,-0.5783866243231455,0.8506249291333235,-0.5783866243231455
A_PA1_to_C1,116,26.896110745974703,185.5365152045716,-66.37817127,35.83496895014766,169.14511628828882,-51.8,0.8454846836687051,0.8454846836687051,-0.6310338602942336,-0.6310338602942336,0.8454846836687051,-0.6310338602942336
A_PA1_to_C1,117,28.44188216737799,185.39327764028764,-66.46821901,37.306306122749625,168.82341171244573,-51.8,0.8401193206534588,0.8401193206534588,-0.6863293013240611,-0.6863293013240611,0.8401193206534588,-0.6863293013240611
A_PA1_to_C1,118,29.97693328317841,185.2445652435785,-66.55394387999999,38.77664852302048,168.49735216980545,-51.8,0.8347847382181527,0.8347847382181527,-0.7416587403257526,-0.7416587403257526,0.8347847382181527,-0.7416587403257526
A_PA1_to_C1,119,31.50446877870728,185.0879655731827,-66.65320824999999,40.242460758051806,168.15137806557877,-51.8,0.8288751695859884,0.8288751695859884,-0.8033661561236395,-0.8033661561236395,0.8288751695859884,-0.8033661561236395
A_PA1_to_C1,120,33.04463016533275,184.92285443322768,-66.75560587,41.70544085106042,167.7936397872349,-51.8,0.8230684628985996,0.8230684628985996,-0.8644295243689954,-0.8644295243689954,0.8230684628985996,-0.8644295243689954
A_PA1_to_C1,121,34.586674680210535,184.75010329956007,-66.8618737,43.16536728943654,167.42361871227735,-51.8,0.8171765748499823,0.8171765748499823,-0.9268305782160541,-0.9268305782160541,0.8171765748499823,-0.9268305782160541
A_PA1_to_C1,122,36.11990886796563,184.57075425681847,-66.97289242,44.62253014749631,167.0428596668392,-51.8,0.8110697547678304,0.8110697547678304,-0.9919846191288724,-0.9919846191288724,0.8110697547678304,-0.9919846191288724
A_PA1_to_C1,123,37.65714884423656,184.38244557584449,-67.09672175,46.0752156253515,166.64545445762238,-51.8,0.8046877637494835,0.8046877637494835,-1.0606008035505972,-1.0606008035505972,0.8046877637494835,-1.0606008035505972
A_PA1_to_C1,124,39.19457182707978,184.18781152866688,-67.2155935,47.52523449123066,166.23830436543136,-51.8,0.7984187572452878,0.7984187572452878,-1.1285341261215185,-1.1285341261215185,0.7984187572452878,-1.1285341261215185
A_PA1_to_C1,125,40.725555219458855,183.98531461993383,-67.34825666,48.97079414443541,165.81569062387098,-51.8,0.7917565600397611,0.7917565600397611,-1.2013153441724476,-1.2013153441724476,0.7917565600397611,-1.2013153441724476
A_PA1_to_C1,126,42.26740684837111,183.77530031446088,-67.47498892,50.41483697632626,165.38782608108852,-51.8,0.7854534148291382,0.7854534148291382,-1.2707401081696565,-1.2707401081696565,0.7854534148291382,-1.2707401081696565
A_PA1_to_C1,127,43.80310691490621,183.55739843560923,-67.61556912,51.85374603150844,164.94305679019735,-51.8,0.7787436258981015,0.7787436258981015,-1.3452586529613864,-1.3452586529613864,0.7787436258981015,-1.3452586529613864
A_PA1_to_C1,128,45.34128893308753,183.3317491339656,-67.76011346,53.28811407126504,164.48381414131046,-51.8,0.7719602899474859,0.7719602899474859,-1.4212495402669076,-1.4212495402669076,0.7719602899474859,-1.4212495402669076
A_PA1_to_C1,129,46.871357747566485,183.09967924422813,-67.90975107,54.717897414328746,164.01048221160602,-51.8,0.7649702291493207,0.7649702291493207,-1.5002580764814188,-1.5002580764814188,0.7649702291493207,-1.5002580764814188
A_PA1_to_C1,130,48.404042530762446,182.8598656557249,-68.06340646999999,56.14509945239102,163.52943928714296,-51.8,0.7580426599923161,0.7580426599923161,-1.5792758137221696,-1.5792758137221696,0.7580426599923161,-1.5792758137221696
A_PA1_to_C1,131,49.93939236716706,182.6122676984349,-68.22107005,57.56761325519219,163.03471346216642,-51.8,0.7510667310979425,0.7510667310979425,-1.659578249634694,-1.659578249634694,0.7510667310979425,-1.659578249634694
A_PA1_to_C1,132,51.48008806850204,182.35532502499365,-68.39161209,58.98557012133718,162.52706541042284,-51.8,0.7439651204355556,0.7439651204355556,-1.7420972546311309,-1.7420972546311309,0.7439651204355556,-1.7420972546311309
A_PA1_to_C1,133,53.01040307210882,182.0935402653104,-68.55854198,60.39871697866123,162.00624356868894,-51.8,0.7368082469449546,0.7368082469449546,-1.8260591879212584,-1.8260591879212584,0.7368082469449546,-1.8260591879212584
A_PA1_to_C1,134,54.54632910038889,181.82236159149645,-68.73839948,61.80715768765603,161.4727433001303,-51.8,0.7295455925228758,0.7295455925228758,-1.9120999905206773,-1.9120999905206773,0.7295455925228758,-1.9120999905206773
A_PA1_to_C1,135,56.08243565852453,181.54485030073167,-68.91341351999999,63.21171929100128,160.92924119746513,-51.8,0.7224176657125312,0.7224176657125312,-1.9973816016628565,-1.9973816016628565,0.7224176657125312,-1.9973816016628565
A_PA1_to_C1,136,57.624374283725686,181.2578103994387,-69.10133061,64.61080693984232,160.37167722406306,-51.8,0.715165605164252,0.715165605164252,-2.0850163608970775,-2.0850163608970775,0.715165605164252,-2.0850163608970775
A_PA1_to_C1,137,59.15891409409075,180.9644483762952,-69.29468241000001,66.0047890072405,159.80154918160778,-51.8,0.707801599812465,0.707801599812465,-2.1749179532565255,-2.1749179532565255,0.707801599812465,-2.1749179532565255
A_PA1_to_C1,138,60.6861524816752,180.66483610946756,-69.49356263,67.39566451656981,159.22380089311716,-51.8,0.7004152436040303,0.7004152436040303,-2.266036964544744,-2.266036964544744,0.7004152436040303,-2.266036964544744
A_PA1_to_C1,139,62.22710358039246,180.3555107635274,-69.69507464,68.7798488771743,158.6302981618468,-51.8,0.693105749516753,0.693105749516753,-2.3571587223797437,-2.3571587223797437,0.693105749516753,-2.3571587223797437
A_PA1_to_C1,140,63.7608666961739,180.03991850661208,-69.9021585,70.15830933496864,158.02353773571153,-51.8,0.6856903918149149,0.6856903918149149,-2.4505874718541207,-2.4505874718541207,0.6856903918149149,-2.4505874718541207
A_PA1_to_C1,141,65.2875388602912,179.71812750380036,-70.11490618,71.53102972739876,157.40390840477244,-51.8,0.6781885851149904,0.6781885851149904,-2.546139237527097,-2.546139237527097,0.6781885851149904,-2.546139237527097
A_PA1_to_C1,142,66.81761190111632,179.3883220302837,-70.33180759,72.90286294589032,156.78229647764346,-51.8,0.6708725552580846,0.6708725552580846,-2.6403482381267303,-2.6403482381267303,0.6708725552580846,-2.6403482381267303
A_PA1_to_C1,143,68.35447262354252,179.0486653783052,-70.56171843999999,74.26463511278722,156.1389547883463,-51.8,0.6633727904274079,0.6633727904274079,-2.7379956699402257,-2.7379956699402257,0.6633727904274079,-2.7379956699402257
A_PA1_to_C1,144,69.89150343950487,178.70265608957433,-70.7868786,75.62177978346831,155.48590278287372,-51.8,0.6560231864568611,0.6560231864568611,-2.834764964969381,-2.834764964969381,0.6560231864568611,-2.834764964969381
A_PA1_to_C1,145,71.42517339383807,178.34863776040137,-71.02671953,76.97373138384786,154.82219938254067,-51.8,0.6485647788052188,0.6485647788052188,-2.9340815511738056,-2.9340815511738056,0.6485647788052188,-2.9340815511738056
A_PA1_to_C1,146,72.94868604352914,177.9903277540203,-71.26359191,78.31814582164246,154.14332275726096,-51.8,0.6410923611578775,0.6410923611578775,-3.03473670879299,-3.03473670879299,0.6410923611578775,-3.03473670879299
A_PA1_to_C1,147,74.47942812611913,177.6220062312198,-71.51354028,79.65893937930966,153.45735152275898,-51.8,0.6336690185523045,0.6336690185523045,-3.135899270667402,-3.135899270667402,0.6336690185523045,-3.135899270667402
A_PA1_to_C1,148,76.0102979191775,177.2473863181873,-71.75881557,80.99267900053562,152.7577676287472,-51.8,0.6263448466896873,0.6263448466896873,-3.2368785801199595,-3.2368785801199595,0.6263448466896873,-3.2368785801199595
A_PA1_to_C1,149,77.53832428711982,176.86473892038674,-72.0189734,82.3202289467169,152.0464891981449,-51.8,0.618925357060611,0.618925357060611,-3.3403832339622315,-3.3403832339622315,0.618925357060611,-3.3403832339622315
A_PA1_to_C1,150,79.07021891774545,176.47383747079044,-72.28335219999998,83.64177606041913,151.3241400641585,-51.8,0.6115778833232357,0.6115778833232357,-3.4441133216187496,-3.4441133216187496,0.6115778833232357,-3.4441133216187496
A_PA1_to_C1,151,80.59581213627277,176.07684453974167,-72.55384931,84.9558004437224,150.58819483100945,-51.8,0.6041924598696593,0.6041924598696593,-3.549642729365761,-3.549642729365761,0.6041924598696593,-3.549642729365761
A_PA1_to_C1,152,82.12148849681884,175.67360189058928,-72.8197437,86.26380758559368,149.8415858115446,-51.8,0.5969485258751884,0.5969485258751884,-3.65441107016196,-3.65441107016196,0.5969485258751884,-3.65441107016196
A_PA1_to_C1,153,83.64481326686757,175.26229503488872,-73.10070955,87.56688445293983,149.08640331017438,-51.8,0.5896724855236211,0.5896724855236211,-3.7609314755140577,-3.7609314755140577,0.5896724855236211,-3.7609314755140577
A_PA1_to_C1,154,85.17217512840097,174.8426642040228,-73.38595239999998,88.86290199041126,148.31918228669744,-51.8,0.5824629373377217,0.5824629373377217,-3.8677828313875002,-3.8677828313875002,0.5824629373377217,-3.8677828313875002
A_PA1_to_C1,155,86.70358909755677,174.4146555764865,-73.67545011,90.15088577662574,147.538544485886,-51.8,0.5753011876522436,0.5753011876522436,-3.97524333995235,-3.97524333995235,0.5753011876522436,-3.97524333995235
A_PA1_to_C1,156,88.21893396585178,173.98299824493583,-73.97336127,91.43330989631824,146.74879223060375,-51.8,0.5681074648778026,0.5681074648778026,-4.084538833583658,-4.084538833583658,0.5681074648778026,-4.084538833583658
A_PA1_to_C1,157,89.74849900936232,173.5405682278066,-74.27349468,92.70760148273162,145.9459856076672,-51.8,0.5610376370994239,0.5610376370994239,-4.1933088157733405,-4.1933088157733405,0.5610376370994239,-4.1933088157733405
A_PA1_to_C1,158,91.27218577359376,173.09212815228395,-74.58004203,93.97588391104163,145.13373452008372,-51.8,0.5540019764922202,0.5540019764922202,-4.30292246868967,-4.30292246868967,0.5540019764922202,-4.30292246868967
A_PA1_to_C1,159,92.79007989862173,172.6377261520369,-74.89308216,95.23370157543052,144.30534980607135,-51.8,0.546932478512346,0.546932478512346,-4.414474474312957,-4.414474474312957,0.546932478512346,-4.414474474312957
A_PA1_to_C1,160,94.31223338190296,172.17488171092018,-75.21046543999998,96.48753413538964,143.47098968365705,-51.8,0.5400022259455833,0.5400022259455833,-4.525237750960967,-4.525237750960967,0.5400022259455833,-4.525237750960967
A_PA1_to_C1,161,95.82871286060352,171.70610106168317,-75.53442832,97.73236644340987,142.62321595664326,-51.8,0.5330731731050362,0.5330731731050362,-4.637412207333476,-4.637412207333476,0.5330731731050362,-4.637412207333476
A_PA1_to_C1,162,97.33960172896614,171.23142931967905,-75.86504705,98.97234535742125,141.7684350091207,-51.8,0.5262172329746585,0.5262172329746585,-4.749847419660793,-4.749847419660793,0.5262172329746585,-4.749847419660793
A_PA1_to_C1,163,98.8548734547096,170.74828397763156,-76.20006802999998,100.20152386156096,140.89813081175654,-51.8,0.5194016800142611,0.5194016800142611,-4.863081751058067,-4.863081751058067,0.5194016800142611,-4.863081751058067
A_PA1_to_C1,164,100.37453316853984,170.25661024247395,-76.53946479999999,101.42603797899623,140.02127092738866,-51.8,0.5127156875518212,0.5127156875518212,-4.975616636770066,-4.975616636770066,0.5127156875518212,-4.975616636770066
A_PA1_to_C1,165,101.88874552038662,169.75904495366402,-76.88560667,102.64095667339126,139.13123574721357,-51.8,0.5060427398515497,0.5060427398515497,-5.089404782517929,-5.089404782517929,0.5060427398515497,-5.089404782517929
A_PA1_to_C1,166,103.39759077372564,169.25563023220593,-77.23856687999998,103.84967400675175,138.23272020737036,-51.8,0.4994323995536962,0.4994323995536962,-5.203614495498318,-5.203614495498318,0.4994323995536962,-5.203614495498318
A_PA1_to_C1,167,104.91093583628738,168.74365202883243,-77.59595483999999,105.052222537212,137.32599182443732,-51.8,0.49293378782411723,0.49293378782411723,-5.317376999513707,-5.317376999513707,0.49293378782411723,-5.317376999513707
A_PA1_to_C1,168,106.41902005869102,168.22584238050962,-77.96023839,106.24506381315996,136.40652713574994,-51.8,0.4864587621709354,0.4864587621709354,-5.432228144060414,-5.432228144060414,0.4864587621709354,-5.432228144060414
A_PA1_to_C1,169,107.9316566945934,167.69942310223018,-78.32895915,107.42713773071137,135.47326017745408,-51.8,0.48004342366710084,0.48004342366710084,-5.54753826220913,-5.54753826220913,0.48004342366710084,-5.54753826220913
A_PA1_to_C1,170,109.42942542426398,167.17003775590354,-78.70721221000002,108.6037026747592,134.53303786019262,-51.8,0.4736667826846018,0.4736667826846018,-5.663690159997119,-5.663690159997119,0.4736667826846018,-5.663690159997119
A_PA1_to_C1,171,110.94153115425377,166.6291780015525,-79.08738074999998,109.77559665161957,133.58700279031703,-51.8,0.4674609096753755,0.4674609096753755,-5.778242754294729,-5.778242754294729,0.4674609096753755,-5.778242754294729
A_PA1_to_C1,172,112.43891969841472,166.08542831447627,-79.47721902,110.93219112851456,132.62232043801086,-51.8,0.4611949063432695,0.4611949063432695,-5.895458709767559,-5.895458709767559,0.4611949063432695,-5.895458709767559
A_PA1_to_C1,173,113.93619772215698,165.53571427885333,-79.86281277,112.08330947693553,131.6511106317651,-51.8,0.4550910356869211,0.4550910356869211,-6.011183133140971,-6.011183133140971,0.4550910356869211,-6.011183133140971
A_PA1_to_C1,174,115.43333678544816,164.97762625047145,-80.26434897,113.22741993644809,130.67169760292762,-51.8,0.44901838712686515,0.44901838712686515,-6.127866240514911,-6.127866240514911,0.44901838712686515,-6.127866240514911
A_PA1_to_C1,175,116.9352164636532,164.41084697279487,-80.67040326999998,114.35826869404164,129.67696201384882,-51.8,0.4429944470106814,0.4429944470106814,-6.245183105178686,-6.245183105178686,0.4429944470106814,-6.245183105178686
A_PA1_to_C1,176,118.42736264326192,163.8411240247567,-81.07496048999998,115.48389487332092,128.67632268483652,-51.8,0.4370958743083265,0.4370958743083265,-6.36161460645239,-6.36161460645239,0.4370958743083265,-6.36161460645239
A_PA1_to_C1,177,119.919639164515,163.26297994275134,-81.49557221,116.60190546693605,127.66720173693344,-51.8,0.4312297003851113,0.4312297003851113,-6.478975458103714,-6.478975458103714,0.4312297003851113,-6.478975458103714
A_PA1_to_C1,178,121.41175889144677,162.67893441801218,-81.91200816999998,117.70907643468377,126.6462006045666,-51.8,0.4254725392864799,0.4254725392864799,-6.595718047066867,-6.595718047066867,0.4254725392864799,-6.595718047066867
A_PA1_to_C1,179,122.89915176387171,162.08927951963133,-82.33582843999999,118.80814016913982,125.6164563113978,-51.8,0.4197804910739835,0.4197804910739835,-6.712703726348469,-6.712703726348469,0.4197804910739835,-6.712703726348469
A_PA1_to_C1,180,124.38188739222082,161.49404815035282,-82.76709536999998,119.89527934848324,124.574184394541,-51.8,0.41412647194890906,0.41412647194890906,-6.830488901123314,-6.830488901123314,0.41412647194890906,-6.830488901123314
A_PA1_to_C1,181,125.8745315683234,160.88717270611363,-83.21166060999998,120.97618267894808,123.52538710359494,-51.8,0.4085511511104917,0.4085511511104917,-6.948219982038704,-6.948219982038704,0.4085511511104917,-6.948219982038704
A_PA1_to_C1,182,127.35756010106728,160.27762351180473,-83.65501972,122.0492737772471,122.4686189605254,-51.8,0.4030787009742408,0.4030787009742408,-7.065351746341994,-7.065351746341994,0.4030787009742408,-7.065351746341994
A_PA1_to_C1,183,128.8309505634984,159.66552417194544,-84.09725538999999,123.1109873529166,121.40041681523576,-51.8,0.39768298536349383,0.39768298536349383,-7.182408544733551,-7.182408544733551,0.39768298536349383,-7.182408544733551
A_PA1_to_C1,184,130.30500217461957,159.0449618889971,-84.55581363,124.16120270905394,120.32090333046484,-51.8,0.39230411278006094,0.39230411278006094,-7.300691528720367,-7.300691528720367,0.39230411278006094,-7.300691528720367
A_PA1_to_C1,185,131.7839998800444,158.41563809358348,-85.01901706999999,125.21,119.24,-51.8,0.38706452099591027,0.38706452099591027,-7.417481452454236,-7.417481452454236,0.38706452099591027,-7.417481452454236
B_PA2_to_C2,0,-101.06726394213628,127.25995023257298,-92.69688896,-123.81,161.25,-51.8,0.3465782896203845,0.3465782896203845,0.0,0.0,0.3465782896203845,-8.377121669099466
B_PA2_to_C2,1,-100.07751745712665,127.90456797971204,-92.79835192,-122.74,162.07,-51.8,0.34572099836124415,0.34572099836124415,-0.021511913127844118,-0.021511913127844118,0.34572099836124415,-8.39863358222731
B_PA2_to_C2,2,-99.08546622281108,128.54498107697844,-92.89139934,-121.66,162.88,-51.8,0.34493849038639124,0.34493849038639124,-0.041193915415404625,-0.041193915415404625,0.34493849038639124,-8.41831558451487
B_PA2_to_C2,3,-98.09102665230505,129.1811748035131,-92.97612393999998,-120.57,163.68,-51.8,0.3442292124841355,0.3442292124841355,-0.05907261672778079,-0.05907261672778079,0.3442292124841355,-8.436194285827249
B_PA2_to_C2,4,-97.09459468724684,129.81129349959517,-93.06773051,-119.48,164.48,-51.8,0.343465669243141,0.343465669243141,-0.07836040038479608,-0.07836040038479608,0.343465669243141,-8.455482069484262
B_PA2_to_C2,5,-96.10121291813448,130.43305080786894,-93.15701946,-118.39,165.27,-51.8,0.3427246266739059,0.3427246266739059,-0.09712084195341107,-0.09712084195341107,0.3427246266739059,-8.474242511052877
B_PA2_to_C2,6,-95.10038270872526,131.052720776527,-93.24742108,-117.29,166.06,-51.8,0.3419774319700622,0.3419774319700622,-0.1160781482155154,-0.1160781482155154,0.3419774319700622,-8.493199817314983
B_PA2_to_C2,7,-94.10196282564084,131.66590235193462,-93.32051889,-116.18,166.83,-51.8,0.34137568030922905,0.34137568030922905,-0.13137550992382377,-0.13137550992382377,0.34137568030922905,-8.50849717902329
B_PA2_to_C2,8,-93.10156424688412,132.27287594314078,-93.40069547,-115.07,167.6,-51.8,0.34071818605051113,0.34071818605051113,-0.14812078390839345,-0.14812078390839345,0.34071818605051113,-8.52524245300786
B_PA2_to_C2,9,-92.09851964585609,132.87549962758467,-93.47297638,-113.95,168.36,-51.8,0.3401276085374314,0.3401276085374314,-0.16318937191659938,-0.16318937191659938,0.3401276085374314,-8.540311041016066
B_PA2_to_C2,10,-91.0935254159968,133.47180084380142,-93.55246616,-112.83,169.12,-51.8,0.3394804015061199,0.3394804015061199,-0.1797329395712295,-0.1797329395712295,0.3394804015061199,-8.556854608670697
B_PA2_to_C2,11,-90.09067323036084,134.06172646453413,-93.61482263,-111.7,169.86,-51.8,0.33897440156868114,0.33897440156868114,-0.19268902863844337,-0.19268902863844337,0.33897440156868114,-8.56981069773791
B_PA2_to_C2,12,-89.08586024753987,134.64530247794522,-93.68446651,-110.57,170.6,-51.8,0.3384111402984058,0.3384111402984058,-0.2071340560451771,-0.2071340560451771,0.3384111402984058,-8.584255725144644
B_PA2_to_C2,13,-88.07821003446828,135.22445870700074,-93.74650219999998,-109.43,171.33,-51.8,0.3379109872485791,0.3379109872485791,-0.2199808188758937,-0.2199808188758937,0.3379109872485791,-8.59710248797536
B_PA2_to_C2,14,-87.06863298333616,135.79714571340764,-93.81596148,-108.29,172.06,-51.8,0.33735270280824364,0.33735270280824364,-0.23434320267256747,-0.23434320267256747,0.33735270280824364,-8.611464871772034
B_PA2_to_C2,15,-86.06674050486093,136.35975562465524,-93.87386037,-107.15,172.77,-51.8,0.3368886911674251,0.3368886911674251,-0.24629842991082254,-0.24629842991082254,0.3368886911674251,-8.62342009901029
B_PA2_to_C2,16,-85.05711484783701,136.91970213652166,-93.93383223,-106.0,173.48,-51.8,0.33640944461526684,0.33640944461526684,-0.25866348230958114,-0.25866348230958114,0.33640944461526684,-8.635785151409047
B_PA2_to_C2,17,-84.04445481020291,137.47514817557197,-93.98650077,-104.84,174.18,-51.8,0.33598972717936365,0.33598972717936365,-0.2695071000706961,-0.2695071000706961,0.33598972717936365,-8.646628769170162
B_PA2_to_C2,18,-83.02989620714543,138.02397030722034,-94.04681895,-103.68,174.88,-51.8,0.33551030203324156,0.33551030203324156,-0.2819098831990105,-0.2819098831990105,0.33551030203324156,-8.659031552298476
B_PA2_to_C2,19,-82.02284923118857,138.56292889870124,-94.0955844,-102.52,175.56,-51.8,0.33512365436137803,0.33512365436137803,-0.2919254195335669,-0.2919254195335669,0.33512365436137803,-8.669047088633032
B_PA2_to_C2,20,-81.00797007779987,139.09895099755246,-94.14684997,-101.35,176.24,-51.8,0.33471817856047315,0.33471817856047315,-0.30244109148667975,-0.30244109148667975,0.33471817856047315,-8.679562760586148
B_PA2_to_C2,21,-79.98985380282676,139.6303791896473,-94.1911362,-100.17,176.91,-51.8,0.33436866328871284,0.33436866328871284,-0.31151570232516596,-0.31151570232516596,0.33436866328871284,-8.688637371424633
B_PA2_to_C2,22,-78.97445360186921,140.15358025375622,-94.23360183,-98.99,177.57,-51.8,0.33403423778263347,0.33403423778263347,-0.32020741588802887,-0.32020741588802887,0.33403423778263347,-8.697329084987494
B_PA2_to_C2,23,-77.96176675772058,140.66861322988618,-94.27421583999998,-97.81,178.22,-51.8,0.333715048351826,0.333715048351826,-0.3285112641686909,-0.3285112641686909,0.333715048351826,-8.705632933268157
B_PA2_to_C2,24,-76.9411542991823,141.18042021534526,-94.31777737,-96.62,178.87,-51.8,0.3333733702664158,0.3333733702664158,-0.33740897043464607,-0.33740897043464607,0.3333733702664158,-8.714530639534113
B_PA2_to_C2,25,-75.9232444531395,141.68402052323444,-94.35958453,-95.43,179.51,-51.8,0.3330460808116498,0.3330460808116498,-0.3459405350753766,-0.3459405350753766,0.3330460808116498,-8.723062204174843
B_PA2_to_C2,26,-74.90803295846294,142.1794737384366,-94.39960685,-94.24,180.14,-51.8,0.33273333130046695,0.33273333130046695,-0.35410091939752775,-0.35410091939752775,0.33273333130046695,-8.731222588496994
B_PA2_to_C2,27,-73.88930250705718,142.67027920054565,-94.43303936,-93.04,180.76,-51.8,0.3324725513326068,0.3324725513326068,-0.3609111602442403,-0.3609111602442403,0.3324725513326068,-8.738032829343707
B_PA2_to_C2,28,-72.86256143441832,143.15755314239664,-94.46988598,-91.83,181.38,-51.8,0.33218561673788227,0.33218561673788227,-0.3684106013033388,-0.3684106013033388,0.33218561673788227,-8.745532270402805
B_PA2_to_C2,29,-71.84906988089436,143.63215031348173,-94.49989358,-90.63,181.98,-51.8,0.3319522760622937,0.3319522760622937,-0.37451406704923884,-0.37451406704923884,0.3319522760622937,-8.751635736148705
B_PA2_to_C2,30,-70.82124947390368,144.10650975148727,-94.52880876,-89.40999999999998,182.58,-51.8,0.33172779406265523,0.33172779406265523,-0.38038986786568285,-0.38038986786568285,0.33172779406265523,-8.757511536965149
B_PA2_to_C2,31,-69.80230898618166,144.569419919906,-94.56072751,-88.2,183.17,-51.8,0.33148031780692416,0.33148031780692416,-0.38687215150069654,-0.38687215150069654,0.33148031780692416,-8.763993820600163
B_PA2_to_C2,32,-68.77959137778046,145.02757896515322,-94.58645539,-86.98,183.75,-51.8,0.33128113662296177,0.33128113662296177,-0.39209293138280676,-0.39209293138280676,0.33128113662296177,-8.769214600482272
B_PA2_to_C2,33,-67.75518633892153,145.47862928269154,-94.62058292,-85.76,184.33,-51.8,0.33101723400404526,0.33101723400404526,-0.39901497512043715,-0.39901497512043715,0.33101723400404526,-8.776136644219903
B_PA2_to_C2,34,-66.73110119093552,145.9239363184515,-94.63870817,-84.53,184.89,-51.8,0.33087722989994905,0.33087722989994905,-0.4026894588380345,-0.4026894588380345,0.33087722989994905,-8.7798111279375
B_PA2_to_C2,35,-65.70531941137486,146.362086083332,-94.66534497,-83.29999999999998,185.45,-51.8,0.3306717657863872,0.3306717657863872,-0.40808479216632987,-0.40808479216632987,0.3306717657863872,-8.785206461265796
B_PA2_to_C2,36,-64.67553897289534,146.79533630202036,-94.68618823,-82.06,186.0,-51.8,0.330511120530242,0.330511120530242,-0.41230555172345074,-0.41230555172345074,0.330511120530242,-8.789427220822915
B_PA2_to_C2,37,-63.648181633916536,147.22055125649797,-94.70559865,-80.81999999999998,186.54,-51.8,0.33036173194143725,0.33036173194143725,-0.41623239729682293,-0.41623239729682293,0.33036173194143725,-8.793354066396288
B_PA2_to_C2,38,-62.61922779818277,147.63847542402297,-94.73368904,-79.58,187.08,-51.8,0.3301457068371233,0.3301457068371233,-0.4219139995676355,-0.4219139995676355,0.3301457068371233,-8.799035668667102
B_PA2_to_C2,39,-61.59671464743397,148.04774852914096,-94.75018278,-78.34,187.6,-51.8,0.330018970223156,0.330018970223156,-0.42524898640894127,-0.42524898640894127,0.330018970223156,-8.802370655508408
B_PA2_to_C2,40,-60.566037501523134,148.45271926934734,-94.7713218,-77.09,188.12,-51.8,0.3298567420416125,0.3298567420416125,-0.4295197788726412,-0.4295197788726412,0.3298567420416125,-8.806641447972108
B_PA2_to_C2,41,-59.53774555123205,148.84971724342887,-94.79109671,-75.84,188.63,-51.8,0.32970507876012456,0.32970507876012456,-0.4335143416469633,-0.4335143416469633,0.32970507876012456,-8.810636010746428
B_PA2_to_C2,42,-58.5051388002602,149.2416825545593,-94.80556977,-74.58,189.13,-51.8,0.32959416010428605,0.32959416010428605,-0.4364369211244237,-0.4364369211244237,0.32959416010428605,-8.813558590223892
B_PA2_to_C2,43,-57.474820273398045,149.6257091301033,-94.81875198999998,-73.31999999999998,189.62,-51.8,0.3294932159383319,0.3294932159383319,-0.43909753919665695,-0.43909753919665695,0.3294932159383319,-8.816219208296122
B_PA2_to_C2,44,-56.44677002416326,150.00185390579003,-94.83062015,-72.06,190.1,-51.8,0.32940241496947326,0.32940241496947326,-0.44149150620002514,-0.44149150620002514,0.32940241496947326,-8.818613175299491
B_PA2_to_C2,45,-55.41050915712752,150.37329735342556,-94.84773718,-70.79,190.58,-51.8,0.3292714893562428,0.3292714893562428,-0.44494452121951905,-0.44494452121951905,0.3292714893562428,-8.822066190318985
B_PA2_to_C2,46,-54.38014683603681,150.73647558124253,-94.85333012,-69.52,191.04,-51.8,0.32922873289813015,0.32922873289813015,-0.4460724718699578,-0.4460724718699578,0.32922873289813015,-8.823194140969424
B_PA2_to_C2,47,-53.34834076633671,151.09213428069904,-94.86802828,-68.25,191.5,-51.8,0.32911648003302507,0.32911648003302507,-0.4490344923666722,-0.4490344923666722,0.32911648003302507,-8.82615616146614
B_PA2_to_C2,48,-52.31875257280349,151.43996288809893,-94.88149583,-66.98,191.95,-51.8,0.32901363430673064,0.32901363430673064,-0.4517491732972295,-0.4517491732972295,0.32901363430673064,-8.828870842396695
B_PA2_to_C2,49,-51.28446896481872,151.78259888883483,-94.89023741,-65.7,192.39,-51.8,0.3289469061067195,0.3289469061067195,-0.45351096218100206,-0.45351096218100206,0.3289469061067195,-8.83063263128047
B_PA2_to_C2,50,-50.25229569012038,152.1174270694923,-94.89783392,-64.42,192.82,-51.8,0.3288889970538416,0.3288889970538416,-0.4550401935325433,-0.4550401935325433,0.3288889970538416,-8.83216186263201
B_PA2_to_C2,51,-49.21883046403274,152.44460810982224,-94.9147187,-63.14,193.25,-51.8,0.32876025186576685,0.32876025186576685,-0.45844099270070765,-0.45844099270070765,0.32876025186576685,-8.835562661800173
B_PA2_to_C2,52,-48.183877235460685,152.76638581674803,-94.91670897,-61.85,193.66,-51.8,0.3287450645097787,0.3287450645097787,-0.4588422539369147,-0.4588422539369147,0.3287450645097787,-8.835963923036381
B_PA2_to_C2,53,-47.14762972445819,153.08044808439766,-94.92812357,-60.56,194.07,-51.8,0.3286581455418582,0.3286581455418582,-0.4611390743833863,-0.4611390743833863,0.3286581455418582,-8.838260743482852
B_PA2_to_C2,54,-46.113434887340645,153.38674228204445,-94.93848943,-59.27,194.47,-51.8,0.3285792117606179,0.3285792117606179,-0.46322541384126054,-0.46322541384126054,0.3285792117606179,-8.840347082940728
B_PA2_to_C2,55,-45.08126271044291,153.68532163881264,-94.94778745,-57.98,194.86,-51.8,0.3285084282085897,0.3285084282085897,-0.465096756676179,-0.465096756676179,0.3285084282085897,-8.842218425775647
B_PA2_to_C2,56,-44.044002228624336,153.97849283735448,-94.95298846,-56.68,195.24,-51.8,0.32846883989461484,0.32846883989461484,-0.4661435500532227,-0.4661435500532227,0.32846883989461484,-8.84326521915269
B_PA2_to_C2,57,-43.00864806727299,154.26395685889787,-94.95721993,-55.38,195.61,-51.8,0.32843668906888834,0.32843668906888834,-0.46699377436080813,-0.46699377436080813,0.32843668906888834,-8.844115443460275
B_PA2_to_C2,58,-41.97219328655152,154.54158801189269,-94.97106637,-54.08,195.98,-51.8,0.3283313934142004,0.3283313934142004,-0.46977888669563755,-0.46977888669563755,0.3283313934142004,-8.846900555795104
B_PA2_to_C2,59,-40.93345458063729,154.81385604495586,-94.97052254,-52.77,196.33,-51.8,0.3283355197916108,0.3283355197916108,-0.4696697255423313,-0.4696697255423313,0.3283355197916108,-8.846791394641798
B_PA2_to_C2,60,-39.90079758340698,155.07615987177672,-94.98247281,-51.47,196.68,-51.8,0.3282447056972659,0.3282447056972659,-0.47207248205393154,-0.47207248205393154,0.3282447056972659,-8.849194151153398
B_PA2_to_C2,61,-38.865613156476606,155.33317426795867,-94.98009932,-50.16,197.01,-51.8,0.32826272091877595,0.32826272091877595,-0.4715957830265115,-0.4715957830265115,0.32826272091877595,-8.848717452125978
B_PA2_to_C2,62,-37.82938088352565,155.58230190222093,-94.9874912,-48.85,197.34,-51.8,0.32820660396046547,0.32820660396046547,-0.4730807746001409,-0.4730807746001409,0.32820660396046547,-8.850202443699608
B_PA2_to_C2,63,-36.794913592463125,155.82384225409396,-94.99399237,-47.54,197.66,-51.8,0.32815726309927734,0.32815726309927734,-0.47438666390100775,-0.47438666390100775,0.32815726309927734,-8.851508333000474
B_PA2_to_C2,64,-35.75230367802596,156.05929786860338,-95.00784574,-46.22,197.98,-51.8,0.3280520946241619,0.3280520946241619,-0.477170780784822,-0.477170780784822,0.3280520946241619,-8.854292449884287
B_PA2_to_C2,65,-34.713995535017084,156.28751415927476,-95.01022511,-44.9,198.28,-51.8,0.32803399476665934,0.32803399476665934,-0.47765002693045433,-0.47765002693045433,0.32803399476665934,-8.854771696029921
B_PA2_to_C2,66,-33.6772876205929,156.50817648187703,-95.01181216,-43.58,198.57,-51.8,0.3280219881853816,0.3280219881853816,-0.47796795053036245,-0.47796795053036245,0.3280219881853816,-8.85508961962983
B_PA2_to_C2,67,-32.63974209857647,156.72083583532765,-95.02335617,-42.26,198.86,-51.8,0.3279344733522309,0.3279344733522309,-0.4802856171180775,-0.4802856171180775,0.3279344733522309,-8.857407286217544
B_PA2_to_C2,68,-31.60384641377884,156.92596480524907,-95.03411305,-40.94,199.14,-51.8,0.32785287868433255,0.32785287868433255,-0.4824470564379297,-0.4824470564379297,0.32785287868433255,-8.859568725537395
B_PA2_to_C2,69,-30.5718157862406,157.12416055413155,-95.03327698,-39.62,199.4,-51.8,0.32785920124890716,0.32785920124890716,-0.4822795527429181,-0.4822795527429181,0.32785920124890716,-8.859401221842385
B_PA2_to_C2,70,-29.53162308836679,157.31591409419383,-95.04038364,-38.29,199.66,-51.8,0.32780537620799494,0.32780537620799494,-0.4837056427964373,-0.4837056427964373,0.32780537620799494,-8.860827311895903
B_PA2_to_C2,71,-28.492908147599813,157.50015450705928,-95.04681074,-36.96,199.91,-51.8,0.3277566831761785,0.3277566831761785,-0.4849959624396317,-0.4849959624396317,0.3277566831761785,-8.862117631539098
B_PA2_to_C2,72,-27.455624993246065,157.67692161444143,-95.05254668,-35.63,200.15,-51.8,0.3277132834551011,0.3277132834551011,-0.4861461758966703,-0.4861461758966703,0.3277132834551011,-8.863267844996138
B_PA2_to_C2,73,-26.417750284294744,157.84558857043692,-95.06842734,-34.3,200.39,-51.8,0.32759306991261483,0.32759306991261483,-0.4893329650049506,-0.4893329650049506,0.32759306991261483,-8.866454634104418
B_PA2_to_C2,74,-25.383259478362763,158.00749812419178,-95.07276046,-32.97,200.61,-51.8,0.32756023012685254,0.32756023012685254,-0.4902037314502712,-0.4902037314502712,0.32756023012685254,-8.867325400549738
B_PA2_to_C2,75,-24.342573476204237,158.16329226423278,-95.07471895,-31.63,200.82,-51.8,0.32754544958856724,0.32754544958856724,-0.49059567469953436,-0.49059567469953436,0.32754544958856724,-8.867717343799
B_PA2_to_C2,76,-23.308831314313515,158.30972041603394,-95.08855192,-30.3,201.03,-51.8,0.3274408872043925,0.3274408872043925,-0.49336891525718346,-0.49336891525718346,0.3274408872043925,-8.870490584356649
B_PA2_to_C2,77,-22.268909043253355,158.4499415680276,-95.10016279,-28.96,201.23,-51.8,0.3273530773876701,0.3273530773876701,-0.49569852250161317,-0.49569852250161317,0.3273530773876701,-8.872820191601079
B_PA2_to_C2,78,-21.23184651613896,158.58352907671264,-95.10029003,-27.62,201.41,-51.8,0.32735211045476764,0.32735211045476764,-0.49572417885086645,-0.49572417885086645,0.32735211045476764,-8.872845847950332
B_PA2_to_C2,79,-20.19430012567205,158.70896974182116,-95.11072037,-26.28,201.59,-51.8,0.32727336119671835,0.32727336119671835,-0.4978139458929867,-0.4978139458929867,0.32727336119671835,-8.874935614992452
B_PA2_to_C2,80,-19.15790057254508,158.8270573174106,-95.12055218,-24.94,201.76,-51.8,0.32719917375834945,0.32719917375834945,-0.49978311608897463,-0.49978311608897463,0.32719917375834945,-8.87690478518844
B_PA2_to_C2,81,-18.12121263081032,158.9369806649743,-95.1407063,-23.6,201.93,-51.8,0.3270471053646159,0.3270471053646159,-0.5038208900934809,-0.5038208900934809,0.3270471053646159,-8.880942559192949
B_PA2_to_C2,82,-17.087021206678763,159.04043440275342,-95.14932429,-22.26,202.08,-51.8,0.3269820666287433,0.3269820666287433,-0.5055483949450738,-0.5055483949450738,0.3269820666287433,-8.88267006404454
B_PA2_to_C2,83,-16.04622962954803,159.13740145823894,-95.15627474,-20.91,202.22,-51.8,0.32692971944638716,0.32692971944638716,-0.5069390468937386,-0.5069390468937386,0.32692971944638716,-8.884060715993204
B_PA2_to_C2,84,-15.012787654632634,159.22540160124373,-95.1746673,-19.57,202.36,-51.8,0.32679116613705644,0.32679116613705644,-0.5106209202999441,-0.5106209202999441,0.32679116613705644,-8.88774258939941
B_PA2_to_C2,85,-13.9738417645951,159.30772185095043,-95.18058852,-18.22,202.48,-51.8,0.32674657661194134,0.32674657661194134,-0.5118061607824158,-0.5118061607824158,0.32674657661194134,-8.888927829881881
B_PA2_to_C2,86,-12.934696662279215,159.3818151061698,-95.19698282,-16.87,202.6,-51.8,0.3266232626250844,0.3266232626250844,-0.5150848297048681,-0.5150848297048681,0.3266232626250844,-8.892206498804335
B_PA2_to_C2,87,-11.904062908449497,159.4480551057709,-95.2136303,-15.53,202.71,-51.8,0.3264980335891982,0.3264980335891982,-0.5184156829623666,-0.5184156829623666,0.3264980335891982,-8.895537352061831
B_PA2_to_C2,88,-10.867494001970242,159.508542064274,-95.21800348,-14.18,202.8,-51.8,0.32646515780741325,0.32646515780741325,-0.5192903277091234,-0.5192903277091234,0.32646515780741325,-8.896411996808592
B_PA2_to_C2,89,-9.830788316601897,159.56083041001696,-95.23284711,-12.83,202.89,-51.8,0.3263537483222132,0.3263537483222132,-0.5222549799071212,-0.5222549799071212,0.3263537483222132,-8.899376649006587
B_PA2_to_C2,90,-8.794124828626913,159.60491201213898,-95.2581659,-11.48,202.98,-51.8,0.3261637205973275,0.3261637205973275,-0.5273140318767928,-0.5273140318767928,0.3261637205973275,-8.90443570097626
B_PA2_to_C2,91,-7.758880587582189,159.6427071228763,-95.27200573,-10.13,203.05,-51.8,0.3260598842021637,0.3260598842021637,-0.5300796830117426,-0.5300796830117426,0.3260598842021637,-8.907201352111208
B_PA2_to_C2,92,-6.724238042945132,159.67328470192075,-95.28533538,-8.779999999999998,203.11,-51.8,0.3259599896533412,0.3259599896533412,-0.5327411756075882,-0.5327411756075882,0.3259599896533412,-8.909862844707053
B_PA2_to_C2,93,-5.690136845382677,159.69665881387945,-95.29815112,-7.429999999999999,203.16,-51.8,0.3258640544546459,0.3258640544546459,-0.5352979470609354,-0.5352979470609354,0.3258640544546459,-8.912419616160403
B_PA2_to_C2,94,-4.6561569405006695,159.71186714412633,-95.32143025,-6.08,203.21,-51.8,0.3256898501665585,0.3256898501665585,-0.539942595020615,-0.539942595020615,0.3256898501665585,-8.91706426412008
B_PA2_to_C2,95,-3.623035609109431,159.7208673058525,-95.33320894,-4.73,203.24,-51.8,0.32560177407702,0.32560177407702,-0.5422918320433859,-0.5422918320433859,0.32560177407702,-8.919413501142852
B_PA2_to_C2,96,-2.590072959507164,159.72171951744016,-95.35544418,-3.38,203.27,-51.8,0.32543569987090953,0.32543569987090953,-0.5467232275160498,-0.5467232275160498,0.32543569987090953,-8.923844896615517
B_PA2_to_C2,97,-1.5575664626741164,159.71540891513564,-95.37715206,-2.03,203.29,-51.8,0.3252736729329221,0.3252736729329221,-0.5510488087652462,-0.5510488087652462,0.3252736729329221,-8.928170477864713
B_PA2_to_C2,98,-0.5254540393079976,159.7019442156427,-95.3983297,-0.68,203.3,-51.8,0.32511575936319115,0.32511575936319115,-0.5552666505624181,-0.5552666505624181,0.32511575936319115,-8.932388319661884
B_PA2_to_C2,99,0.5139682198166667,159.6811493924184,-95.4191666,0.68,203.3,-51.8,0.3249605355100512,0.3249605355100512,-0.5594146476323779,-0.5594146476323779,0.3249605355100512,-8.936536316731843
B_PA2_to_C2,100,1.5454766983507184,159.6533354493028,-95.43935444,2.03,203.29,-51.8,0.32481028845760523,0.32481028845760523,-0.5634315387918815,-0.5634315387918815,0.32481028845760523,-8.940553207891348
B_PA2_to_C2,101,2.5767778465787874,159.61838291646686,-95.4590064,3.38,203.27,-51.8,0.3246641625179302,0.3246641625179302,-0.5673400337443348,-0.5673400337443348,0.3246641625179302,-8.9444617028438
B_PA2_to_C2,102,3.6079343454343777,159.57629336716622,-95.47812162,4.73,203.24,-51.8,0.324522208710749,0.324522208710749,-0.5711386197195658,-0.5711386197195658,0.324522208710749,-8.948260288819032
B_PA2_to_C2,103,4.638647632848867,159.52611858691432,-95.5076537,6.08,203.21,-51.8,0.3243030590148579,0.3243030590148579,-0.5770061783360337,-0.5770061783360337,0.3243030590148579,-8.9541278474355
B_PA2_to_C2,104,5.669623214271551,159.4697611435249,-95.52568922,7.429999999999999,203.16,-51.8,0.3241693642000895,0.3241693642000895,-0.5805876981698481,-0.5805876981698481,0.3241693642000895,-8.957709367269315
B_PA2_to_C2,105,6.700121925251263,159.40533282652552,-95.55412924,8.779999999999998,203.11,-51.8,0.3239588303650036,0.3239588303650036,-0.5862306365153417,-0.5862306365153417,0.3239588303650036,-8.963352305614809
B_PA2_to_C2,106,7.730567856329178,159.3337793776481,-95.58201937,10.13,203.05,-51.8,0.32375257347857284,0.32375257347857284,-0.5917624971636283,-0.5917624971636283,0.32375257347857284,-8.968884166263093
B_PA2_to_C2,107,8.761023693413758,159.2550967892871,-95.60935965,11.48,202.98,-51.8,0.3235505817087432,0.3235505817087432,-0.5971833830759734,-0.5971833830759734,0.3235505817087432,-8.97430505217544
B_PA2_to_C2,108,9.79230860576119,159.17017038819276,-95.62523326,12.83,202.89,-51.8,0.32343345187986944,0.32343345187986944,-0.600328365719192,-0.600328365719192,0.32343345187986944,-8.977450034818657
B_PA2_to_C2,109,10.823049629380392,159.0771956622319,-95.65148498,14.18,202.8,-51.8,0.32324004852999744,0.32324004852999744,-0.6055238165970811,-0.6055238165970811,0.32324004852999744,-8.982645485696548
B_PA2_to_C2,110,11.853073525555008,158.97620771119838,-95.68808923,15.53,202.71,-51.8,0.32297059759042607,0.32297059759042607,-0.6127673408988841,-0.6127673408988841,0.32297059759042607,-8.98988900999835
B_PA2_to_C2,111,12.876635432507706,158.8698261914691,-95.71212887,16.87,202.6,-51.8,0.322793824239013,0.322793824239013,-0.6175227402605517,-0.6175227402605517,0.322793824239013,-8.994644409360017
B_PA2_to_C2,112,13.908082414322577,158.75543431776583,-95.73666211,18.22,202.48,-51.8,0.32261374097249024,0.32261374097249024,-0.6223698585888245,-0.6223698585888245,0.32261374097249024,-8.99949152768829
B_PA2_to_C2,113,14.9387643683921,158.6330464692757,-95.7715227,19.57,202.36,-51.8,0.32235810718747226,0.32235810718747226,-0.6292551419295821,-0.6292551419295821,0.32235810718747226,-9.006376811029048
B_PA2_to_C2,114,15.963436856744876,158.50534351485072,-95.79363225,20.91,202.22,-51.8,0.32219618766936375,0.32219618766936375,-0.6336191345531557,-0.6336191345531557,0.32219618766936375,-9.010740803652622
B_PA2_to_C2,115,16.994841794887016,158.36864581731396,-95.82731397,22.26,202.08,-51.8,0.3219498936540916,0.3219498936540916,-0.6402613630831404,-0.6402613630831404,0.3219498936540916,-9.017383032182607
B_PA2_to_C2,116,18.019165753001197,158.2259284505152,-95.85895574,23.6,201.93,-51.8,0.32171874045886095,0.32171874045886095,-0.6464998874516235,-0.6464998874516235,0.32171874045886095,-9.023621556551088
B_PA2_to_C2,117,19.045432453321972,158.07682644507008,-95.87908323,24.94,201.76,-51.8,0.3215719124779439,0.3215719124779439,-0.6504649121394511,-0.6504649121394511,0.3215719124779439,-9.027586581238918
B_PA2_to_C2,118,20.070883434314517,157.91985810902702,-95.90934619,26.28,201.59,-51.8,0.3213514575772271,0.3213514575772271,-0.6564216002986628,-0.6564216002986628,0.3213514575772271,-9.03354326939813
B_PA2_to_C2,119,21.09694961558373,157.75574351200487,-95.93892042,27.62,201.41,-51.8,0.32113631689651523,0.32113631689651523,-0.6622386394810704,-0.6622386394810704,0.32113631689651523,-9.039360308580536
B_PA2_to_C2,120,22.1220220283788,157.5838169518908,-95.97858347,28.96,201.23,-51.8,0.3208481599599882,0.3208481599599882,-0.6700360227743795,-0.6700360227743795,0.3208481599599882,-9.047157691873846
B_PA2_to_C2,121,23.14942010709897,157.405365420467,-96.00678155,30.3,201.03,-51.8,0.3206435450471498,0.3206435450471498,-0.6755770534615029,-0.6755770534615029,0.3206435450471498,-9.052698722560969
B_PA2_to_C2,122,24.170220654329302,157.22120045361947,-96.03238214,31.63,200.82,-51.8,0.3204581154487063,0.3204581154487063,-0.6806015953457935,-0.6806015953457935,0.3204581154487063,-9.05772326444526
B_PA2_to_C2,123,25.19738627681331,157.02777733597077,-96.0698956,32.97,200.61,-51.8,0.32018676832138193,0.32018676832138193,-0.6879594667725191,-0.6879594667725191,0.32018676832138193,-9.065081135871985
B_PA2_to_C2,124,26.21796245385821,156.82875000829532,-96.10464797,34.3,200.39,-51.8,0.3199356833373916,0.3199356833373916,-0.694773464834647,-0.694773464834647,0.3199356833373916,-9.071895133934113
B_PA2_to_C2,125,27.241414243584373,156.6230790605897,-96.12788307,35.63,200.15,-51.8,0.3197680704401766,0.3197680704401766,-0.6993251566196188,-0.6993251566196188,0.3197680704401766,-9.076446825719085
B_PA2_to_C2,126,28.263820635326816,156.4097097568513,-96.16100525,36.96,199.91,-51.8,0.31952949410927406,0.31952949410927406,-0.7058080462521883,-0.7058080462521883,0.31952949410927406,-9.082929715351653
B_PA2_to_C2,127,29.287189223265948,156.1891376404356,-96.19331567,38.29,199.66,-51.8,0.3192970559708809,0.3192970559708809,-0.7121287982829266,-0.7121287982829266,0.3192970559708809,-9.089250467382392
B_PA2_to_C2,128,30.311573262117754,155.9613297060287,-96.22482285,39.62,199.4,-51.8,0.3190707643344806,0.3190707643344806,-0.7182868288089006,-0.7182868288089006,0.3190707643344806,-9.095408497908368
B_PA2_to_C2,129,31.327490088262778,155.7277576000829,-96.26372833,40.94,199.14,-51.8,0.3187917162902872,0.3187917162902872,-0.7258865254326352,-0.7258865254326352,0.3187917162902872,-9.103008194532102
B_PA2_to_C2,130,32.346799557316906,155.48737910086453,-96.29107536,42.26,198.86,-51.8,0.3185958183929073,0.3185958183929073,-0.7312256557982554,-0.7312256557982554,0.3185958183929073,-9.108347324897721
B_PA2_to_C2,131,33.36732440690331,155.2397583375813,-96.31750875,43.58,198.57,-51.8,0.3184067886247691,0.3184067886247691,-0.7363807108465831,-0.7363807108465831,0.3184067886247691,-9.11350237994605
B_PA2_to_C2,132,34.386623431911964,154.9845990317281,-96.35359505,44.9,198.28,-51.8,0.31814908153848426,0.31814908153848426,-0.7434136062690564,-0.7434136062690564,0.31814908153848426,-9.120535275368523
B_PA2_to_C2,133,35.40710780563987,154.72219281077383,-96.38874881,46.22,197.98,-51.8,0.31789833437408216,0.31789833437408216,-0.7502620337774331,-0.7502620337774331,0.31789833437408216,-9.1273837028769
B_PA2_to_C2,134,36.431444182147416,154.45268255668202,-96.41246791,47.54,197.66,-51.8,0.31772939260449673,0.31772939260449673,-0.7548792319837095,-0.7548792319837095,0.31772939260449673,-9.132000901083176
B_PA2_to_C2,135,37.44741134912878,154.17778788145057,-96.4429791,48.85,197.34,-51.8,0.3175123875053772,0.3175123875053772,-0.7608136099613166,-0.7608136099613166,0.3175123875053772,-9.137935279060782
B_PA2_to_C2,136,38.464756891919535,153.89561972920762,-96.47245793,50.16,197.01,-51.8,0.31730301974812175,0.31730301974812175,-0.766542977202401,-0.766542977202401,0.31730301974812175,-9.143664646301868
B_PA2_to_C2,137,39.480725248745216,153.60607009254798,-96.51136485,51.47,196.68,-51.8,0.3170270407179695,0.3170270407179695,-0.7741009464646798,-0.7741009464646798,0.3170270407179695,-9.151222615564144
B_PA2_to_C2,138,40.493885892413495,153.311565354177,-96.53576529999998,52.77,196.33,-51.8,0.3168542097089897,0.3168542097089897,-0.7788374522572795,-0.7788374522572795,0.3168542097089897,-9.155959121356746
B_PA2_to_C2,139,41.51268394428367,153.0074171322464,-96.5725397,54.08,195.98,-51.8,0.3165940938761323,0.3165940938761323,-0.7859709074469641,-0.7859709074469641,0.3165940938761323,-9.16309257654643
B_PA2_to_C2,140,42.52893320668015,152.6982334966001,-96.59474994,55.38,195.61,-51.8,0.316437186376447,0.316437186376447,-0.7902767965746489,-0.7902767965746489,0.316437186376447,-9.167398465674115
B_PA2_to_C2,141,43.54379709680743,152.3817413858152,-96.62622177,56.68,195.24,-51.8,0.31621517652324177,0.31621517652324177,-0.7963728874951691,-0.7963728874951691,0.31621517652324177,-9.173494556594635
B_PA2_to_C2,142,44.56023711402857,152.05787785177182,-96.65656804,57.98,194.86,-51.8,0.3160013483749103,0.3160013483749103,-0.8022483674789864,-0.8022483674789864,0.3160013483749103,-9.179370036578455
B_PA2_to_C2,143,45.57141177251975,151.72911617363346,-96.68245169,59.27,194.47,-51.8,0.3158191920272704,0.3158191920272704,-0.8072567199307857,-0.8072567199307857,0.3158191920272704,-9.18437838903025
B_PA2_to_C2,144,46.584297836498095,151.39297268814192,-96.70711426,60.56,194.07,-51.8,0.3156458351341204,0.3156458351341204,-0.8120258166026808,-0.8120258166026808,0.3156458351341204,-9.189147485702147
B_PA2_to_C2,145,47.598933361388,151.04939742262195,-96.73057258,61.85,193.66,-51.8,0.3154811547727962,0.3154811547727962,-0.81655864596779,-0.81655864596779,0.3154811547727962,-9.193680315067256
B_PA2_to_C2,146,48.61204819606222,150.69865498336085,-96.76307759,63.14,193.25,-51.8,0.3152531912881645,0.3152531912881645,-0.8228372504788755,-0.8228372504788755,0.3152531912881645,-9.199958919578341
B_PA2_to_C2,147,49.62347070165551,150.34279584900577,-96.78055304,64.42,192.82,-51.8,0.3151307607642079,0.3151307607642079,-0.8262111245419003,-0.8262111245419003,0.3151307607642079,-9.203332793641366
B_PA2_to_C2,148,50.63339707567118,149.97983750061448,-96.80693732,65.7,192.39,-51.8,0.31494614944884824,0.31494614944884824,-0.8313010223973717,-0.8313010223973717,0.31494614944884824,-9.208422691496837
B_PA2_to_C2,149,51.64516879572696,149.60941285635778,-96.83201492,66.98,191.95,-51.8,0.3147708383461707,0.3147708383461707,-0.8361372677553257,-0.8361372677553257,0.3147708383461707,-9.213258936854793
B_PA2_to_C2,150,52.65213948655098,149.23427578309725,-96.85202211,68.25,191.5,-51.8,0.314631111347227,0.314631111347227,-0.8399937963625606,-0.8399937963625606,0.314631111347227,-9.217115465462028
B_PA2_to_C2,151,53.66108006832015,148.85164481177503,-96.87064072,69.52,191.04,-51.8,0.31450123037070893,0.31450123037070893,-0.8435801064895079,-0.8435801064895079,0.31450123037070893,-9.220701775588974
B_PA2_to_C2,152,54.668417816145286,148.46205129353558,-96.8979713,70.79,190.58,-51.8,0.314310731999248,0.314310731999248,-0.8488428813105366,-0.8488428813105366,0.314310731999248,-9.225964550410001
B_PA2_to_C2,153,55.68134237237944,148.06431538834596,-96.91384717,72.06,190.1,-51.8,0.31420016746297946,0.31420016746297946,-0.8518988390374129,-0.8518988390374129,0.31420016746297946,-9.229020508136879
B_PA2_to_C2,154,56.686069827335686,147.66255813652572,-96.93440551,73.31999999999998,189.62,-51.8,0.3140571399680404,0.3140571399680404,-0.8558536551390892,-0.8558536551390892,0.3140571399680404,-9.232975324238556
B_PA2_to_C2,155,57.69285282594426,147.25325531773214,-96.95348807,74.58,189.13,-51.8,0.31392448073082535,0.31392448073082535,-0.8595233915551881,-0.8595233915551881,0.31392448073082535,-9.236645060654654
B_PA2_to_C2,156,58.701718741148845,146.8363513897366,-96.97111631,75.84,188.63,-51.8,0.3138020225549777,0.3138020225549777,-0.8629123139875448,-0.8629123139875448,0.3138020225549777,-9.24003398308701
B_PA2_to_C2,157,59.70622553618212,146.41485599607034,-96.98312352,77.09,188.12,-51.8,0.3137186644274339,0.3137186644274339,-0.865219933530803,-0.865219933530803,0.3137186644274339,-9.242341602630269
B_PA2_to_C2,158,60.712927014151525,145.98571834324343,-96.99360729,78.34,187.6,-51.8,0.3136459346212161,0.3136459346212161,-0.8672338280795033,-0.8672338280795033,0.3136459346212161,-9.24435549717897
B_PA2_to_C2,159,61.71152933230825,145.55292852137737,-97.0081841,79.58,187.08,-51.8,0.3135448480680395,0.3135448480680395,-0.8700336991127546,-0.8700336991127546,0.3135448480680395,-9.247155368212221
B_PA2_to_C2,160,62.71630293913468,145.11158576261354,-97.01125251,80.81999999999998,186.54,-51.8,0.3135235759026429,0.3135235759026429,-0.8706230053957862,-0.8706230053957862,0.3135235759026429,-9.247744674495253
B_PA2_to_C2,161,63.71940877927599,144.6635034291312,-97.02259651,82.06,186.0,-51.8,0.31344498232375223,0.31344498232375223,-0.8728006430049574,-0.8728006430049574,0.31344498232375223,-9.249922312104424
B_PA2_to_C2,162,64.72477857885633,144.2077119615941,-97.03234654,83.29999999999998,185.45,-51.8,0.3133774450090709,0.3133774450090709,-0.8746723745782503,-0.8746723745782503,0.3133774450090709,-9.251794043677716
B_PA2_to_C2,163,65.72614971876327,143.74742171005573,-97.03600926,84.53,184.89,-51.8,0.3133520879221849,0.3133520879221849,-0.8753752259576152,-0.8753752259576152,0.3133520879221849,-9.252496895057082
B_PA2_to_C2,164,66.72578127381311,143.28052050644897,-97.04777618,85.76,184.33,-51.8,0.31327063591927673,0.31327063591927673,-0.8776333091235335,-0.8776333091235335,0.31327063591927673,-9.254754978223
B_PA2_to_C2,165,67.72564239676552,142.80803146749236,-97.04350864,86.98,183.75,-51.8,0.31330016300642544,0.31330016300642544,-0.8768146657365876,-0.8768146657365876,0.31330016300642544,-9.253936334836053
B_PA2_to_C2,166,68.72378835295372,142.32897236537943,-97.04723592,88.2,183.17,-51.8,0.31327436990127777,0.31327436990127777,-0.8775297795916703,-0.8775297795916703,0.31327436990127777,-9.254651448691137
B_PA2_to_C2,167,69.71818233408675,141.845528673583,-97.04450063,89.40999999999998,182.58,-51.8,0.3132932970481523,0.3132932970481523,-0.8770050186835123,-0.8770050186835123,0.3132932970481523,-9.254126687782978
B_PA2_to_C2,168,70.7211866763248,141.35088619393284,-97.04473159,90.63,181.98,-51.8,0.313291699286505,0.313291699286505,-0.8770493158863415,-0.8770493158863415,0.313291699286505,-9.254170984985809
B_PA2_to_C2,169,71.71015820890105,140.85664003299792,-97.04323968,91.83,181.38,-51.8,0.3133020222121336,0.3133020222121336,-0.8767631215320625,-0.8767631215320625,0.3133020222121336,-9.253884790631528
B_PA2_to_C2,170,72.71201184551718,140.3497389750281,-97.0351224,93.04,180.76,-51.8,0.3133582118716111,0.3133582118716111,-0.8752054762378982,-0.8752054762378982,0.3133582118716111,-9.252327145337363
B_PA2_to_C2,171,73.70601387928778,139.8398759220141,-97.0299081,94.24,180.14,-51.8,0.31339431771520204,0.31339431771520204,-0.8742047259951391,-0.8742047259951391,0.31339431771520204,-9.251326395094605
B_PA2_to_C2,172,74.69654769593639,139.3256928081772,-97.01785697,95.43,179.51,-51.8,0.31347779872197523,0.31347779872197523,-0.8718913137473133,-0.8718913137473133,0.31347779872197523,-9.24901298284678
B_PA2_to_C2,173,75.68968824272305,138.80364753572704,-97.00387759999998,96.62,178.87,-51.8,0.31357469072405125,0.31357469072405125,-0.8692070305088082,-0.8692070305088082,0.31357469072405125,-9.246328699608274
B_PA2_to_C2,174,76.68544525022392,138.27368049459716,-96.98799902,97.81,178.22,-51.8,0.31368481534516285,0.31368481534516285,-0.866157159423614,-0.866157159423614,0.31368481534516285,-9.243278828523081
B_PA2_to_C2,175,77.67345854672048,137.74102171860585,-96.97457748,98.99,177.57,-51.8,0.3137779595948766,0.3137779595948766,-0.8635783907326622,-0.8635783907326622,0.3137779595948766,-9.240700059832129
B_PA2_to_C2,176,78.66411014347905,137.20047054419211,-96.95916328,100.17,176.91,-51.8,0.31388500458304425,0.31388500458304425,-0.8606157148520979,-0.8606157148520979,0.31388500458304425,-9.237737383951565
B_PA2_to_C2,177,79.65740787968593,136.65196767981328,-96.94178614,101.35,176.24,-51.8,0.3140057754563621,0.3140057754563621,-0.8572743614721285,-0.8572743614721285,0.3140057754563621,-9.234396030571595
B_PA2_to_C2,178,80.64754321705742,136.0991558389293,-96.91720944,102.52,175.56,-51.8,0.3141767351574738,0.3141767351574738,-0.8525466363031413,-0.8525466363031413,0.3141767351574738,-9.229668305402607
B_PA2_to_C2,179,81.63004689986718,135.5439062502342,-96.8946638,103.68,174.88,-51.8,0.3143337392377736,0.3143337392377736,-0.8482071059432434,-0.8482071059432434,0.3143337392377736,-9.225328775042708
B_PA2_to_C2,180,82.61987899685661,134.97882563437653,-96.86069073,104.84,174.18,-51.8,0.3145706021534881,0.3145706021534881,-0.8416644090428738,-0.8416644090428738,0.3145706021534881,-9.218786078142342
B_PA2_to_C2,181,83.60788392549938,134.40760448196198,-96.83397555,106.0,173.48,-51.8,0.31475710720514055,0.31475710720514055,-0.8365161776240754,-0.8365161776240754,0.31475710720514055,-9.213637846723541
B_PA2_to_C2,182,84.59294055552819,133.83213458533032,-96.79975882,107.15,172.77,-51.8,0.31499631880362094,0.31499631880362094,-0.829917513579816,-0.829917513579816,0.31499631880362094,-9.207039182679283
B_PA2_to_C2,183,85.57047921593103,133.25446490034227,-96.76716779,108.29,172.06,-51.8,0.3152245148122987,0.3152245148122987,-0.823627383745573,-0.823627383745573,0.3152245148122987,-9.20074905284504
B_PA2_to_C2,184,86.55552985552967,132.66673571289243,-96.72314982,109.43,171.33,-51.8,0.3155332233020693,0.3155332233020693,-0.8151252031949368,-0.8151252031949368,0.3155332233020693,-9.192246872294405
B_PA2_to_C2,185,87.53874353700574,132.07300059474943,-96.68617223,110.57,170.6,-51.8,0.31579301558742034,0.31579301558742034,-0.8079766732978797,-0.8079766732978797,0.31579301558742034,-9.185098342397346
B_PA2_to_C2,186,88.51921431031867,131.4750654376182,-96.64140973,111.7,169.86,-51.8,0.3161080750407488,0.3161080750407488,-0.7993152802147224,-0.7993152802147224,0.3161080750407488,-9.176436949314189
B_PA2_to_C2,187,89.4978232044851,130.87123310812666,-96.60355614,112.83,169.12,-51.8,0.31637502646678006,0.31637502646678006,-0.7919831925830003,-0.7919831925830003,0.31637502646678006,-9.169104861682465
B_PA2_to_C2,188,90.4785392247624,130.26100908287546,-96.54866009,113.95,168.36,-51.8,0.3167629573157924,0.3167629573157924,-0.7813393043637263,-0.7813393043637263,0.3167629573157924,-9.158460973463193
B_PA2_to_C2,189,91.45741110585878,129.6449057834983,-96.50059878,115.07,167.6,-51.8,0.31710334333987855,0.31710334333987855,-0.772010662911462,-0.772010662911462,0.31710334333987855,-9.149132332010929
B_PA2_to_C2,190,92.4337368087845,129.0246417087771,-96.44448601,116.18,166.83,-51.8,0.31750167899922455,0.31750167899922455,-0.7611065574960107,-0.7611065574960107,0.31750167899922455,-9.138228226595476
B_PA2_to_C2,191,93.40819686155088,128.39860198601892,-96.39508293,117.29,166.06,-51.8,0.317853250072812,0.317853250072812,-0.7514939528964046,-0.7514939528964046,0.317853250072812,-9.128615621995872
B_PA2_to_C2,192,94.3850334709045,127.76603142406633,-96.32848613,118.39,165.27,-51.8,0.3183284338469417,0.3183284338469417,-0.7385184313063293,-0.7385184313063293,0.3183284338469417,-9.115640100405795
B_PA2_to_C2,193,95.35465830662184,127.13175398858608,-96.26260892,119.48,164.48,-51.8,0.3187998123225012,0.3187998123225012,-0.7256659414406428,-0.7256659414406428,0.3187998123225012,-9.10278761054011
B_PA2_to_C2,194,96.32731653571804,126.48931505907314,-96.19430986,120.57,163.68,-51.8,0.31928996461065456,0.31928996461065456,-0.7123217078483495,-0.7123217078483495,0.31928996461065456,-9.089443376947816
B_PA2_to_C2,195,97.29810707414708,125.84121382985565,-96.13253329,121.66,162.88,-51.8,0.3197346373268548,0.3197346373268548,-0.7002333508439972,-0.7002333508439972,0.3197346373268548,-9.077355019943464
B_PA2_to_C2,196,98.26661365319823,125.18903848302617,-96.06230859,122.74,162.07,-51.8,0.3202417077586443,0.3202417077586443,-0.6864692210766077,-0.6864692210766077,0.3202417077586443,-9.063590890176075
B_PA2_to_C2,197,99.23291812447232,124.53279449132278,-95.98355049,123.81,161.25,-51.8,0.32081227166933474,0.32081227166933474,-0.6710076324198387,-0.6710076324198387,0.32081227166933474,-9.048129301519305
B_PA2_to_C2,198,100.20231826959248,123.86833004420504,-95.90229645,124.88,160.42,-51.8,0.321403029857965,0.321403029857965,-0.655027751951929,-0.655027751951929,0.321403029857965,-9.032149421051395
